1 0
1 1
1 2
1 3
1 4
1 5
1 6
1 7
1 8
1 9
2 0
2 1
2 2
2 3
2 4
2 5
2 6
2 7
2 8
2 9
2 10
2 11
2 12
2 13
3 0
3 1
3 2
3 3
3 4
3 5
3 6
3 7
3 8
3 9
3 10
3 11
3 12
3 13
3 14
3 15
3 16
3 17
3 18
3 19
3 20
3 21
3 22
3 23
3 24
3 25
4 0
4 1
4 2
4 3
4 4
4 5
4 6
4 7
4 8
4 9
4 10
4 11
4 12
4 13
4 14
4 15
4 16
4 17
4 18
4 19
4 20
4 21
4 22
4 23
4 24
4 25
4 26
4 27
4 28
4 29
4 30
4 31
4 32
4 33
4 34
4 35
4 36
4 37
4 38
4 39
4 40
4 41
4 42
4 43
4 44
4 45
4 46
4 47
5 0
5 1
5 2
5 3
5 4
5 5
5 6
5 7
5 8
5 9
5 10
5 11
5 12
5 13
5 14
5 15
5 16
5 17
5 18
5 19
5 20
5 21
5 22
5 23
5 24
5 25
5 26
5 27
5 28
5 29
5 30
5 31
5 32
5 33
5 34
5 35
5 36
5 37
5 38
5 39
5 40
5 41
5 42
5 43
5 44
5 45
5 46
5 47
5 48
5 49
5 50
5 51
5 52
5 53
5 54
5 55
5 56
5 57
5 58
5 59
5 60
5 61
5 62
5 63
5 64
5 65
5 66
5 67
5 68
5 69
5 70
5 71
5 72
5 73
5 74
5 75
5 76
5 77
5 78
5 79
5 80
5 81
5 82
5 83
5 84
6 0
6 1
6 2
6 3
6 4
6 5
6 6
6 7
6 8
6 9
6 10
6 11
6 12
6 13
6 14
6 15
6 16
6 17
6 18
6 19
6 20
6 21
6 22
6 23
6 24
6 25
6 26
6 27
6 28
6 29
6 30
6 31
6 32
6 33
6 34
6 35
6 36
6 37
6 38
6 39
6 40
6 41
6 42
6 43
6 44
6 45
6 46
6 47
6 48
6 49
6 50
6 51
6 52
6 53
6 54
6 55
6 56
6 57
6 58
6 59
6 60
6 61
6 62
6 63
6 64
6 65
6 66
6 67
6 68
6 69
6 70
6 71
6 72
6 73
6 74
6 75
6 76
6 77
6 78
6 79
6 80
6 81
6 82
6 83
6 84
6 85
6 86
6 87
6 88
6 89
6 90
6 91
6 92
6 93
6 94
6 95
6 96
6 97
6 98
6 99
6 100
6 101
6 102
6 103
6 104
6 105
6 106
6 107
6 108
6 109
6 110
6 111
6 112
6 113
6 114
6 115
6 116
6 117
6 118
6 119
6 120
6 121
6 122
6 123
6 124
6 125
6 126
6 127
6 128
6 129
6 130
6 131
6 132
6 133
6 134
6 135
6 136
6 137
6 138
7 0
7 1
7 2
7 3
7 4
7 5
7 6
7 7
7 8
7 9
7 10
7 11
7 12
7 13
7 14
7 15
7 16
7 17
7 18
7 19
7 20
7 21
7 22
7 23
7 24
7 25
7 26
7 27
7 28
7 29
7 30
7 31
7 32
7 33
7 34
7 35
7 36
7 37
7 38
7 39
7 40
7 41
7 42
7 43
7 44
7 45
7 46
7 47
7 48
7 49
7 50
7 51
7 52
7 53
7 54
7 55
7 56
7 57
7 58
7 59
7 60
7 61
7 62
7 63
7 64
7 65
7 66
7 67
7 68
7 69
7 70
7 71
7 72
7 73
7 74
7 75
7 76
7 77
7 78
7 79
7 80
7 81
7 82
7 83
7 84
7 85
7 86
7 87
7 88
7 89
7 90
7 91
7 92
7 93
7 94
7 95
7 96
7 97
7 98
7 99
7 100
7 101
7 102
7 103
7 104
7 105
7 106
7 107
7 108
7 109
7 110
7 111
7 112
7 113
7 114
7 115
7 116
7 117
7 118
7 119
7 120
7 121
7 122
7 123
7 124
7 125
7 126
7 127
7 128
7 129
7 130
7 131
7 132
7 133
7 134
7 135
7 136
7 137
7 138
7 139
7 140
7 141
7 142
7 143
7 144
7 145
7 146
7 147
7 148
7 149
7 150
7 151
7 152
7 153
7 154
7 155
7 156
7 157
7 158
7 159
7 160
7 161
7 162
7 163
7 164
7 165
7 166
7 167
7 168
7 169
7 170
7 171
7 172
7 173
7 174
7 175
7 176
7 177
7 178
7 179
7 180
7 181
7 182
7 183
7 184
7 185
7 186
7 187
7 188
7 189
7 190
7 191
7 192
7 193
7 194
7 195
7 196
7 197
7 198
7 199
7 200
7 201
7 202
7 203
7 204
7 205
7 206
7 207
7 208
7 209
7 210
7 211
7 212
7 213
7 214
8 0
8 1
8 2
8 3
8 4
8 5
8 6
8 7
8 8
8 9
8 10
8 11
8 12
8 13
8 14
8 15
8 16
8 17
8 18
8 19
8 20
8 21
8 22
8 23
8 24
8 25
8 26
8 27
8 28
8 29
8 30
8 31
8 32
8 33
8 34
8 35
8 36
8 37
8 38
8 39
8 40
8 41
8 42
8 43
8 44
8 45
8 46
8 47
8 48
8 49
8 50
8 51
8 52
8 53
8 54
8 55
8 56
8 57
8 58
8 59
8 60
8 61
8 62
8 63
8 64
8 65
8 66
8 67
8 68
8 69
8 70
8 71
8 72
8 73
8 74
8 75
8 76
8 77
8 78
8 79
8 80
8 81
8 82
8 83
8 84
8 85
8 86
8 87
8 88
8 89
8 90
8 91
8 92
8 93
8 94
8 95
8 96
8 97
8 98
8 99
8 100
8 101
8 102
8 103
8 104
8 105
8 106
8 107
8 108
8 109
8 110
8 111
8 112
8 113
8 114
8 115
8 116
8 117
8 118
8 119
8 120
8 121
8 122
8 123
8 124
8 125
8 126
8 127
8 128
8 129
8 130
8 131
8 132
8 133
8 134
8 135
8 136
8 137
8 138
8 139
8 140
8 141
8 142
8 143
8 144
8 145
8 146
8 147
8 148
8 149
8 150
8 151
8 152
8 153
8 154
8 155
8 156
8 157
8 158
8 159
8 160
8 161
8 162
8 163
8 164
8 165
8 166
8 167
8 168
8 169
8 170
8 171
8 172
8 173
8 174
8 175
8 176
8 177
8 178
8 179
8 180
8 181
8 182
8 183
8 184
8 185
8 186
8 187
8 188
8 189
8 190
8 191
8 192
8 193
8 194
8 195
8 196
8 197
8 198
8 199
8 200
8 201
8 202
8 203
8 204
8 205
8 206
8 207
8 208
8 209
8 210
8 211
8 212
8 213
8 214
8 215
8 216
8 217
8 218
8 219
8 220
8 221
8 222
8 223
8 224
8 225
8 226
8 227
8 228
8 229
8 230
8 231
8 232
8 233
8 234
8 235
8 236
8 237
8 238
8 239
8 240
8 241
8 242
8 243
8 244
8 245
8 246
8 247
8 248
8 249
8 250
8 251
8 252
8 253
8 254
8 255
8 256
8 257
8 258
8 259
8 260
8 261
8 262
8 263
8 264
8 265
8 266
8 267
8 268
8 269
8 270
8 271
8 272
8 273
8 274
8 275
8 276
8 277
8 278
8 279
8 280
8 281
8 282
8 283
8 284
8 285
8 286
8 287
8 288
8 289
8 290
8 291
8 292
8 293
8 294
8 295
8 296
8 297
8 298
8 299
8 300
8 301
8 302
8 303
8 304
8 305
8 306
8 307
8 308
8 309
8 310
8 311
8 312
8 313
8 314
8 315
8 316
9 0
9 1
9 2
9 3
9 4
9 5
9 6
9 7
9 8
9 9
9 10
9 11
9 12
9 13
9 14
9 15
9 16
9 17
9 18
9 19
9 20
9 21
9 22
9 23
9 24
9 25
9 26
9 27
9 28
9 29
9 30
9 31
9 32
9 33
9 34
9 35
9 36
9 37
9 38
9 39
9 40
9 41
9 42
9 43
9 44
9 45
9 46
9 47
9 48
9 49
9 50
9 51
9 52
9 53
9 54
9 55
9 56
9 57
9 58
9 59
9 60
9 61
9 62
9 63
9 64
9 65
9 66
9 67
9 68
9 69
9 70
9 71
9 72
9 73
9 74
9 75
9 76
9 77
9 78
9 79
9 80
9 81
9 82
9 83
9 84
9 85
9 86
9 87
9 88
9 89
9 90
9 91
9 92
9 93
9 94
9 95
9 96
9 97
9 98
9 99
9 100
9 101
9 102
9 103
9 104
9 105
9 106
9 107
9 108
9 109
9 110
9 111
9 112
9 113
9 114
9 115
9 116
9 117
9 118
9 119
9 120
9 121
9 122
9 123
9 124
9 125
9 126
9 127
9 128
9 129
9 130
9 131
9 132
9 133
9 134
9 135
9 136
9 137
9 138
9 139
9 140
9 141
9 142
9 143
9 144
9 145
9 146
9 147
9 148
9 149
9 150
9 151
9 152
9 153
9 154
9 155
9 156
9 157
9 158
9 159
9 160
9 161
9 162
9 163
9 164
9 165
9 166
9 167
9 168
9 169
9 170
9 171
9 172
9 173
9 174
9 175
9 176
9 177
9 178
9 179
9 180
9 181
9 182
9 183
9 184
9 185
9 186
9 187
9 188
9 189
9 190
9 191
9 192
9 193
9 194
9 195
9 196
9 197
9 198
9 199
9 200
9 201
9 202
9 203
9 204
9 205
9 206
9 207
9 208
9 209
9 210
9 211
9 212
9 213
9 214
9 215
9 216
9 217
9 218
9 219
9 220
9 221
9 222
9 223
9 224
9 225
9 226
9 227
9 228
9 229
9 230
9 231
9 232
9 233
9 234
9 235
9 236
9 237
9 238
9 239
9 240
9 241
9 242
9 243
9 244
9 245
9 246
9 247
9 248
9 249
9 250
9 251
9 252
9 253
9 254
9 255
9 256
9 257
9 258
9 259
9 260
9 261
9 262
9 263
9 264
9 265
9 266
9 267
9 268
9 269
9 270
9 271
9 272
9 273
9 274
9 275
9 276
9 277
9 278
9 279
9 280
9 281
9 282
9 283
9 284
9 285
9 286
9 287
9 288
9 289
9 290
9 291
9 292
9 293
9 294
9 295
9 296
9 297
9 298
9 299
9 300
9 301
9 302
9 303
9 304
9 305
9 306
9 307
9 308
9 309
9 310
9 311
9 312
9 313
9 314
9 315
9 316
9 317
9 318
9 319
9 320
9 321
9 322
9 323
9 324
9 325
9 326
9 327
9 328
9 329
9 330
9 331
9 332
9 333
9 334
9 335
9 336
9 337
9 338
9 339
9 340
9 341
9 342
9 343
9 344
9 345
9 346
9 347
9 348
9 349
9 350
9 351
9 352
9 353
9 354
9 355
9 356
9 357
9 358
9 359
9 360
9 361
9 362
9 363
9 364
9 365
9 366
9 367
9 368
9 369
9 370
9 371
9 372
9 373
9 374
9 375
9 376
9 377
9 378
9 379
9 380
9 381
9 382
9 383
9 384
9 385
9 386
9 387
9 388
9 389
9 390
9 391
9 392
9 393
9 394
9 395
9 396
9 397
9 398
9 399
9 400
9 401
9 402
9 403
9 404
9 405
9 406
9 407
9 408
9 409
9 410
9 411
9 412
9 413
9 414
9 415
9 416
9 417
9 418
9 419
9 420
9 421
9 422
9 423
9 424
9 425
9 426
9 427
9 428
9 429
9 430
9 431
9 432
9 433
9 434
9 435
9 436
9 437
9 438
9 439
9 440
9 441
9 442
9 443
9 444
9 445
9 446
10 0
10 1
10 2
10 3
10 4
10 5
10 6
10 7
10 8
10 9
10 10
10 11
10 12
10 13
10 14
10 15
10 16
10 17
10 18
10 19
10 20
10 21
10 22
10 23
10 24
10 25
10 26
10 27
10 28
10 29
10 30
10 31
10 32
10 33
10 34
10 35
10 36
10 37
10 38
10 39
10 40
10 41
10 42
10 43
10 44
10 45
10 46
10 47
10 48
10 49
10 50
10 51
10 52
10 53
10 54
10 55
10 56
10 57
10 58
10 59
10 60
10 61
10 62
10 63
10 64
10 65
10 66
10 67
10 68
10 69
10 70
10 71
10 72
10 73
10 74
10 75
10 76
10 77
10 78
10 79
10 80
10 81
10 82
10 83
10 84
10 85
10 86
10 87
10 88
10 89
10 90
10 91
10 92
10 93
10 94
10 95
10 96
10 97
10 98
10 99
10 100
10 101
10 102
10 103
10 104
10 105
10 106
10 107
10 108
10 109
10 110
10 111
10 112
10 113
10 114
10 115
10 116
10 117
10 118
10 119
10 120
10 121
10 122
10 123
10 124
10 125
10 126
10 127
10 128
10 129
10 130
10 131
10 132
10 133
10 134
10 135
10 136
10 137
10 138
10 139
10 140
10 141
10 142
10 143
10 144
10 145
10 146
10 147
10 148
10 149
10 150
10 151
10 152
10 153
10 154
10 155
10 156
10 157
10 158
10 159
10 160
10 161
10 162
10 163
10 164
10 165
10 166
10 167
10 168
10 169
10 170
10 171
10 172
10 173
10 174
10 175
10 176
10 177
10 178
10 179
10 180
10 181
10 182
10 183
10 184
10 185
10 186
10 187
10 188
10 189
10 190
10 191
10 192
10 193
10 194
10 195
10 196
10 197
10 198
10 199
10 200
10 201
10 202
10 203
10 204
10 205
10 206
10 207
10 208
10 209
10 210
10 211
10 212
10 213
10 214
10 215
10 216
10 217
10 218
10 219
10 220
10 221
10 222
10 223
10 224
10 225
10 226
10 227
10 228
10 229
10 230
10 231
10 232
10 233
10 234
10 235
10 236
10 237
10 238
10 239
10 240
10 241
10 242
10 243
10 244
10 245
10 246
10 247
10 248
10 249
10 250
10 251
10 252
10 253
10 254
10 255
10 256
10 257
10 258
10 259
10 260
10 261
10 262
10 263
10 264
10 265
10 266
10 267
10 268
10 269
10 270
10 271
10 272
10 273
10 274
10 275
10 276
10 277
10 278
10 279
10 280
10 281
10 282
10 283
10 284
10 285
10 286
10 287
10 288
10 289
10 290
10 291
10 292
10 293
10 294
10 295
10 296
10 297
10 298
10 299
10 300
10 301
10 302
10 303
10 304
10 305
10 306
10 307
10 308
10 309
10 310
10 311
10 312
10 313
10 314
10 315
10 316
10 317
10 318
10 319
10 320
10 321
10 322
10 323
10 324
10 325
10 326
10 327
10 328
10 329
10 330
10 331
10 332
10 333
10 334
10 335
10 336
10 337
10 338
10 339
10 340
10 341
10 342
10 343
10 344
10 345
10 346
10 347
10 348
10 349
10 350
10 351
10 352
10 353
10 354
10 355
10 356
10 357
10 358
10 359
10 360
10 361
10 362
10 363
10 364
10 365
10 366
10 367
10 368
10 369
10 370
10 371
10 372
10 373
10 374
10 375
10 376
10 377
10 378
10 379
10 380
10 381
10 382
10 383
10 384
10 385
10 386
10 387
10 388
10 389
10 390
10 391
10 392
10 393
10 394
10 395
10 396
10 397
10 398
10 399
10 400
10 401
10 402
10 403
10 404
10 405
10 406
10 407
10 408
10 409
10 410
10 411
10 412
10 413
10 414
10 415
10 416
10 417
10 418
10 419
10 420
10 421
10 422
10 423
10 424
10 425
10 426
10 427
10 428
10 429
10 430
10 431
10 432
10 433
10 434
10 435
10 436
10 437
10 438
10 439
10 440
10 441
10 442
10 443
10 444
10 445
10 446
10 447
10 448
10 449
10 450
10 451
10 452
10 453
10 454
10 455
10 456
10 457
10 458
10 459
10 460
10 461
10 462
10 463
10 464
10 465
10 466
10 467
10 468
10 469
10 470
10 471
10 472
10 473
10 474
10 475
10 476
10 477
10 478
10 479
10 480
10 481
10 482
10 483
10 484
10 485
10 486
10 487
10 488
10 489
10 490
10 491
10 492
10 493
10 494
10 495
10 496
10 497
10 498
10 499
10 500
10 501
10 502
10 503
10 504
10 505
10 506
10 507
10 508
10 509
10 510
10 511
10 512
10 513
10 514
10 515
10 516
10 517
10 518
10 519
10 520
10 521
10 522
10 523
10 524
10 525
10 526
10 527
10 528
10 529
10 530
10 531
10 532
10 533
10 534
10 535
10 536
10 537
10 538
10 539
10 540
10 541
10 542
10 543
10 544
10 545
10 546
10 547
10 548
10 549
10 550
10 551
10 552
10 553
10 554
10 555
10 556
10 557
10 558
10 559
10 560
10 561
10 562
10 563
10 564
10 565
10 566
10 567
10 568
10 569
10 570
10 571
10 572
10 573
10 574
10 575
10 576
10 577
10 578
10 579
10 580
10 581
10 582
10 583
10 584
10 585
10 586
10 587
10 588
10 589
10 590
10 591
10 592
10 593
10 594
10 595
10 596
10 597
10 598
10 599
10 600
10 601
10 602
10 603
10 604
10 605
10 606
10 607
10 608
10 609
11 0
11 1
11 2
11 3
11 4
11 5
11 6
11 7
11 8
11 9
11 10
11 11
11 12
11 13
11 14
11 15
11 16
11 17
11 18
11 19
11 20
11 21
11 22
11 23
11 24
11 25
11 26
11 27
11 28
11 29
11 30
11 31
11 32
11 33
11 34
11 35
11 36
11 37
11 38
11 39
11 40
11 41
11 42
11 43
11 44
11 45
11 46
11 47
11 48
11 49
11 50
11 51
11 52
11 53
11 54
11 55
11 56
11 57
11 58
11 59
11 60
11 61
11 62
11 63
11 64
11 65
11 66
11 67
11 68
11 69
11 70
11 71
11 72
11 73
11 74
11 75
11 76
11 77
11 78
11 79
11 80
11 81
11 82
11 83
11 84
11 85
11 86
11 87
11 88
11 89
11 90
11 91
11 92
11 93
11 94
11 95
11 96
11 97
11 98
11 99
11 100
11 101
11 102
11 103
11 104
11 105
11 106
11 107
11 108
11 109
11 110
11 111
11 112
11 113
11 114
11 115
11 116
11 117
11 118
11 119
11 120
11 121
11 122
11 123
11 124
11 125
11 126
11 127
11 128
11 129
11 130
11 131
11 132
11 133
11 134
11 135
11 136
11 137
11 138
11 139
11 140
11 141
11 142
11 143
11 144
11 145
11 146
11 147
11 148
11 149
11 150
11 151
11 152
11 153
11 154
11 155
11 156
11 157
11 158
11 159
11 160
11 161
11 162
11 163
11 164
11 165
11 166
11 167
11 168
11 169
11 170
11 171
11 172
11 173
11 174
11 175
11 176
11 177
11 178
11 179
11 180
11 181
11 182
11 183
11 184
11 185
11 186
11 187
11 188
11 189
11 190
11 191
11 192
11 193
11 194
11 195
11 196
11 197
11 198
11 199
11 200
11 201
11 202
11 203
11 204
11 205
11 206
11 207
11 208
11 209
11 210
11 211
11 212
11 213
11 214
11 215
11 216
11 217
11 218
11 219
11 220
11 221
11 222
11 223
11 224
11 225
11 226
11 227
11 228
11 229
11 230
11 231
11 232
11 233
11 234
11 235
11 236
11 237
11 238
11 239
11 240
11 241
11 242
11 243
11 244
11 245
11 246
11 247
11 248
11 249
11 250
11 251
11 252
11 253
11 254
11 255
11 256
11 257
11 258
11 259
11 260
11 261
11 262
11 263
11 264
11 265
11 266
11 267
11 268
11 269
11 270
11 271
11 272
11 273
11 274
11 275
11 276
11 277
11 278
11 279
11 280
11 281
11 282
11 283
11 284
11 285
11 286
11 287
11 288
11 289
11 290
11 291
11 292
11 293
11 294
11 295
11 296
11 297
11 298
11 299
11 300
11 301
11 302
11 303
11 304
11 305
11 306
11 307
11 308
11 309
11 310
11 311
11 312
11 313
11 314
11 315
11 316
11 317
11 318
11 319
11 320
11 321
11 322
11 323
11 324
11 325
11 326
11 327
11 328
11 329
11 330
11 331
11 332
11 333
11 334
11 335
11 336
11 337
11 338
11 339
11 340
11 341
11 342
11 343
11 344
11 345
11 346
11 347
11 348
11 349
11 350
11 351
11 352
11 353
11 354
11 355
11 356
11 357
11 358
11 359
11 360
11 361
11 362
11 363
11 364
11 365
11 366
11 367
11 368
11 369
11 370
11 371
11 372
11 373
11 374
11 375
11 376
11 377
11 378
11 379
11 380
11 381
11 382
11 383
11 384
11 385
11 386
11 387
11 388
11 389
11 390
11 391
11 392
11 393
11 394
11 395
11 396
11 397
11 398
11 399
11 400
11 401
11 402
11 403
11 404
11 405
11 406
11 407
11 408
11 409
11 410
11 411
11 412
11 413
11 414
11 415
11 416
11 417
11 418
11 419
11 420
11 421
11 422
11 423
11 424
11 425
11 426
11 427
11 428
11 429
11 430
11 431
11 432
11 433
11 434
11 435
11 436
11 437
11 438
11 439
11 440
11 441
11 442
11 443
11 444
11 445
11 446
11 447
11 448
11 449
11 450
11 451
11 452
11 453
11 454
11 455
11 456
11 457
11 458
11 459
11 460
11 461
11 462
11 463
11 464
11 465
11 466
11 467
11 468
11 469
11 470
11 471
11 472
11 473
11 474
11 475
11 476
11 477
11 478
11 479
11 480
11 481
11 482
11 483
11 484
11 485
11 486
11 487
11 488
11 489
11 490
11 491
11 492
11 493
11 494
11 495
11 496
11 497
11 498
11 499
11 500
11 501
11 502
11 503
11 504
11 505
11 506
11 507
11 508
11 509
11 510
11 511
11 512
11 513
11 514
11 515
11 516
11 517
11 518
11 519
11 520
11 521
11 522
11 523
11 524
11 525
11 526
11 527
11 528
11 529
11 530
11 531
11 532
11 533
11 534
11 535
11 536
11 537
11 538
11 539
11 540
11 541
11 542
11 543
11 544
11 545
11 546
11 547
11 548
11 549
11 550
11 551
11 552
11 553
11 554
11 555
11 556
11 557
11 558
11 559
11 560
11 561
11 562
11 563
11 564
11 565
11 566
11 567
11 568
11 569
11 570
11 571
11 572
11 573
11 574
11 575
11 576
11 577
11 578
11 579
11 580
11 581
11 582
11 583
11 584
11 585
11 586
11 587
11 588
11 589
11 590
11 591
11 592
11 593
11 594
11 595
11 596
11 597
11 598
11 599
11 600
11 601
11 602
11 603
11 604
11 605
11 606
11 607
11 608
11 609
11 610
11 611
11 612
11 613
11 614
11 615
11 616
11 617
11 618
11 619
11 620
11 621
11 622
11 623
11 624
11 625
11 626
11 627
11 628
11 629
11 630
11 631
11 632
11 633
11 634
11 635
11 636
11 637
11 638
11 639
11 640
11 641
11 642
11 643
11 644
11 645
11 646
11 647
11 648
11 649
11 650
11 651
11 652
11 653
11 654
11 655
11 656
11 657
11 658
11 659
11 660
11 661
11 662
11 663
11 664
11 665
11 666
11 667
11 668
11 669
11 670
11 671
11 672
11 673
11 674
11 675
11 676
11 677
11 678
11 679
11 680
11 681
11 682
11 683
11 684
11 685
11 686
11 687
11 688
11 689
11 690
11 691
11 692
11 693
11 694
11 695
11 696
11 697
11 698
11 699
11 700
11 701
11 702
11 703
11 704
11 705
11 706
11 707
11 708
11 709
11 710
11 711
11 712
11 713
11 714
11 715
11 716
11 717
11 718
11 719
11 720
11 721
11 722
11 723
11 724
11 725
11 726
11 727
11 728
11 729
11 730
11 731
11 732
11 733
11 734
11 735
11 736
11 737
11 738
11 739
11 740
11 741
11 742
11 743
11 744
11 745
11 746
11 747
11 748
11 749
11 750
11 751
11 752
11 753
11 754
11 755
11 756
11 757
11 758
11 759
11 760
11 761
11 762
11 763
11 764
11 765
11 766
11 767
11 768
11 769
11 770
11 771
11 772
11 773
11 774
11 775
11 776
11 777
11 778
11 779
11 780
11 781
11 782
11 783
11 784
11 785
11 786
11 787
11 788
11 789
11 790
11 791
11 792
11 793
11 794
11 795
11 796
11 797
11 798
11 799
11 800
11 801
11 802
11 803
11 804
11 805
11 806
11 807
1 999
2 999
3 999
4 999
5 999
6 999
7 999
8 999
9 999
10 999
11 999
11 535
11 269
11 441
11 587
11 93
11 7
11 435
11 471
11 752
11 254
11 929
11 954
11 728
11 690
11 704
11 662
11 636
11 975
11 188
11 885
11 839
11 539
11 974
11 914
11 215
11 991
11 185
11 863
11 365
11 671
11 236
11 79
11 155
11 766
11 450
11 870
11 655
11 412
11 413
11 785
11 250
11 998
11 48
11 219
11 466
11 174
11 687
11 920
11 174
11 65
11 452
11 956
11 52
11 456
11 42
11 567
11 143
11 435
11 973
11 885
11 117
11 910
11 225
11 678
11 512
11 499
11 114
11 619
11 272
11 307
11 128
11 367
11 305
11 6
11 553
11 949
11 659
11 759
11 160
11 367
11 2
11 252
11 379
11 202
11 338
11 310
11 509
11 26
11 281
11 299
11 103
11 930
11 620
11 354
11 219
11 950
11 911
11 286
11 673
11 688
11 209
11 51
11 727
11 807
11 802
11 484
11 436
11 311
11 480
11 794
11 128
11 656
11 915
11 242
11 65
11 560
11 678
11 664
11 122
11 820
11 274
11 179
11 462
11 680
11 753
11 142
11 107
11 969
11 650
11 935
11 666
11 586
11 196
11 172
11 728
11 275
11 139
11 777
11 386
11 885
11 729
11 338
11 583
11 863
11 564
11 637
11 921
11 313
11 801
11 973
11 215
11 231
11 117
11 295
11 148
11 996
11 119
11 434
11 727
11 988
11 626
11 182
11 632
11 458
11 114
11 5
11 492
11 916
11 768
11 528
11 787
11 866
11 729
11 697
11 767
11 249
11 357
11 956
11 974
11 840
11 612
11 656
11 427
11 249
11 797
11 855
11 978
11 817
11 468
11 167
11 992
11 950
11 65
11 45
11 985
11 170
11 302
11 575
11 243
11 584
11 540
11 260
11 311
11 407
11 753
11 493
11 41
11 199
11 260
11 564
11 873
11 736
11 311
11 977
11 477
11 705
11 300
11 90
11 656
11 441
11 167
11 953
11 308
11 737
11 681
11 843
11 149
11 892
11 336
11 494
11 642
11 997
11 299
11 224
11 748
11 982
11 799
11 679
11 31
11 517
11 283
11 540
11 939
11 940
11 323
11 645
11 549
11 846
11 648
11 529
11 596
11 737
11 120
11 768
11 52
11 443
11 937
11 809
11 566
11 48
11 41
11 759
11 219
11 775
11 147
11 914
11 961
11 604
11 466
11 405
11 520
11 15
11 884
11 443
11 545
11 904
11 903
11 36
11 692
11 970
11 96
11 586
11 591
11 460
11 345
11 414
11 380
11 796
11 743
11 152
11 185
11 124
11 24
11 622
11 556
11 852
11 911
11 218
11 516
11 408
11 114
11 552
11 495
11 723
11 496
11 646
11 412
11 303
11 389
11 458
11 60
11 591
11 654
11 287
11 303
11 186
11 168
11 546
11 845
11 976
11 108
11 983
11 212
11 380
11 962
11 338
11 716
11 879
11 22
11 925
11 618
11 609
11 830
11 286
11 681
11 702
11 69
11 326
11 281
11 770
11 959
11 104
11 414
11 673
11 694
11 592
11 187
11 30
11 824
11 582
11 425
11 237
11 759
11 698
11 516
11 214
11 197
11 870
11 739
11 796
11 185
11 307
11 827
11 560
11 186
11 431
11 294
11 798
11 464
11 725
11 695
11 461
11 960
11 181
11 2
11 440
11 640
11 628
11 201
11 943
11 276
11 421
11 420
11 782
11 119
11 895
11 133
11 473
11 169
11 0
11 27
11 552
11 922
11 504
11 947
11 502
11 307
11 981
11 813
11 198
11 836
11 48
11 884
11 393
11 59
11 275
11 931
11 299
11 312
11 857
11 760
11 206
11 86
11 330
11 277
11 699
11 427
11 399
11 413
11 842
11 251
11 220
11 717
11 385
11 273
11 518
11 288
11 338
11 501
11 310
11 422
11 734
11 315
11 35
11 224
11 404
11 544
11 888
11 843
11 893
11 432
11 386
11 28
11 556
11 660
11 215
11 276
11 902
11 815
11 292
11 694
11 273
11 43
11 12
11 241
11 847
11 811
11 456
11 402
11 573
11 733
11 54
11 532
11 20
11 993
11 355
11 973
11 547
11 516
11 361
11 839
11 440
11 723
11 919
11 927
11 913
11 705
11 511
11 898
11 651
11 893
11 19
11 899
11 341
11 231
11 531
11 431
11 642
11 460
11 922
11 590
11 333
11 98
11 844
11 599
11 688
11 704
11 949
11 455
11 975
11 797
11 747
11 489
11 925
11 820
11 815
11 687
11 494
11 227
11 838
11 10
11 205
11 255
11 940
11 709
11 604
11 407
11 164
11 443
11 932
11 51
11 400
11 621
11 582
11 353
11 875
11 611
11 328
11 395
11 510
11 697
11 24
11 916
11 724
11 50
11 886
11 21
11 751
11 344
11 71
11 555
11 173
11 368
11 981
11 503
11 871
11 452
11 278
11 842
11 963
11 44
11 821
11 5
11 119
11 63
11 411
11 943
11 845
11 186
11 130
11 247
11 780
11 952
11 819
11 265
11 729
11 505
11 719
11 845
11 802
11 148
11 704
11 862
11 959
11 975
11 755
11 499
11 794
11 373
11 253
11 22
11 800
11 436
11 536
11 430
11 647
11 369
11 765
11 287
11 473
11 991
11 674
11 737
11 263
11 219
11 536
11 526
11 207
11 617
11 441
11 167
11 374
11 324
11 707
11 653
11 340
11 761
11 381
11 832
11 442
11 361
11 640
11 192
11 577
11 731
11 108
11 882
11 399
11 217
11 244
11 561
11 125
11 968
11 792
11 223
11 20
11 921
11 349
11 575
11 182
11 963
11 155
11 911
11 484
11 961
11 31
11 734
11 547
11 192
11 576
11 16
11 410
11 471
11 311
11 69
11 97
11 328
11 319
11 841
11 772
11 383
11 437
11 913
11 596
11 689
11 897
11 652
11 533
11 275
11 982
11 429
11 46
11 647
11 342
11 724
11 607
11 52
11 81
11 330
11 771
11 420
11 398
11 382
11 857
11 765
11 338
11 965
11 801
11 740
11 608
11 404
11 61
11 717
11 739
11 176
11 397
11 823
11 207
11 828
11 939
11 71
11 637
11 574
11 13
11 59
11 285
11 225
11 23
11 935
11 266
11 729
11 731
11 525
11 832
11 661
11 309
11 591
11 503
11 280
11 315
11 380
11 763
11 419
11 959
11 256
11 573
11 503
11 616
11 649
11 395
11 899
11 975
11 360
11 428
11 784
11 658
11 931
11 732
11 595
11 750
11 378
11 89
11 895
11 372
11 552
11 479
11 666
11 62
11 41
11 549
11 308
11 420
11 349
11 75
11 884
11 262
11 534
11 790
11 501
11 751
11 111
11 85
11 970
11 962
11 590
11 308
11 376
11 48
11 118
11 448
11 509
11 931
11 607
11 691
11 735
11 194
11 463
11 580
11 408
11 482
11 842
11 488
11 413
11 688
11 901
11 100
11 317
11 975
11 291
11 210
11 807
11 0
11 538
11 436
11 741
11 813
11 636
11 954
11 789
11 504
11 366
11 949
11 702
11 255
11 511
11 266
11 428
11 242
11 545
11 621
11 323
11 53
11 197
11 242
11 680
11 524
11 92
11 765
11 790
11 247
11 433
11 382
11 952
11 73
11 162
11 767
11 432
11 444
11 583
11 53
11 379
11 884
11 106
11 674
11 70
11 936
11 358
11 978
11 923
11 450
11 714
11 307
11 577
11 568
11 389
11 605
11 87
11 726
11 194
11 760
11 4
11 442
11 914
11 153
11 645
11 213
11 176
11 645
11 382
11 454
11 850
11 661
11 832
11 429
11 360
11 8
11 687
11 609
11 663
11 768
11 645
11 214
11 137
11 952
11 763
11 339
11 438
11 959
11 343
11 838
11 100
11 984
11 791
11 354
11 618
11 720
11 734
11 57
11 213
11 216
11 288
11 960
11 266
11 433
11 917
11 920
11 413
11 791
11 357
11 231
11 110
11 409
11 811
11 15
11 594
11 705
11 158
11 869
11 843
11 175
11 998
11 334
11 922
11 17
11 807
11 305
11 819
11 412
11 340
11 438
11 490
11 307
11 377
11 124
11 437
11 752
11 979
11 999
11 495
11 21
11 642
11 894
11 539
11 807
11 603
11 674
11 20
11 777
11 286
11 419
11 894
11 82
11 452
11 981
11 230
11 825
11 247
11 604
11 596
11 894
11 499
11 85
11 931
11 304
11 749
11 812
11 419
11 856
11 748
11 610
11 567
11 20
11 286
11 588
11 549
11 191
11 16
11 470
11 529
11 725
11 101
11 63
11 214
11 224
11 837
11 488
11 498
11 168
11 321
11 272
11 510
11 18
11 233
11 784
11 468
11 888
11 915
11 920
11 593
11 329
11 865
11 383
11 710
11 936
11 838
11 845
11 436
11 354
11 14
11 641
11 212
11 139
11 252
11 884
11 179
11 672
11 769
11 648
11 545
11 716
0 0
