1000 1000 500
756 228 810 261
439 375 492 406
950 385 935 300
877 624 849 916
320 68 640 135
725 262 806 568
449 942 184 996
758 441 796 750
544 730 644 267
145 942 463 750
493 791 412 651
969 888 901 594
714 973 390 943
968 667 993 272
997 92 950 447
436 850 331 393
823 233 702 274
882 265 884 281
341 713 428 427
886 428 820 434
650 861 293 856
384 794 492 890
717 98 326 109
346 98 318 177
424 791 333 303
166 835 664 957
345 722 463 396
466 502 287 828
183 708 232 725
317 231 442 939
221 804 293 868
617 713 550 113
382 463 436 306
681 504 584 14
349 843 454 227
424 913 300 942
715 17 614 713
1000 890 997 265
338 278 296 925
703 106 645 719
658 787 508 355
119 249 642 63
771 780 892 258
884 9 952 515
610 846 866 771
105 598 194 692
954 96 988 592
823 9 375 6
867 651 737 441
457 348 289 978
580 664 571 736
745 207 799 432
263 58 361 193
237 563 188 35
129 289 627 17
969 701 943 346
813 759 820 518
114 514 193 283
21 814 695 975
340 997 34 870
183 927 657 887
309 785 314 558
221 579 244 387
390 139 108 249
82 117 53 575
164 952 340 831
671 513 641 243
771 910 375 781
719 511 823 378
539 37 973 46
489 76 321 139
338 577 483 737
803 228 754 352
698 257 670 765
409 37 588 90
294 468 117 286
976 80 789 27
812 961 701 740
758 372 820 992
860 116 567 84
420 120 629 207
853 754 786 771
105 901 309 884
84 466 0 43
746 127 986 229
628 935 403 822
449 541 305 658
994 477 964 385
772 364 724 466
8 561 64 646
889 77 948 660
732 862 201 925
155 323 289 351
660 798 663 6
254 963 356 853
499 344 308 655
9 445 0 550
667 98 765 52
375 527 463 898
286 323 138 715
77 810 593 819
426 116 140 246
466 76 605 413
216 435 247 610
729 322 790 261
602 443 512 655
637 262 606 482
66 33 37 229
483 892 190 846
157 415 101 290
454 65 136 185
743 641 762 838
465 148 859 94
710 380 858 465
575 333 476 53
354 405 356 542
271 509 208 135
761 107 559 283
306 335 459 792
255 721 127 216
452 592 374 423
627 311 527 684
182 930 653 900
571 745 657 80
675 805 366 887
503 717 511 535
51 679 67 657
391 618 425 915
934 369 904 743
374 10 282 201
777 963 841 471
885 999 111 931
165 266 206 750
567 363 699 764
341 959 440 785
367 450 413 456
109 826 555 866
841 760 725 902
860 181 481 49
409 892 335 281
184 82 568 118
77 851 18 582
431 921 462 724
737 721 808 481
545 941 891 753
83 253 51 590
638 334 678 674
726 987 757 421
75 358 13 311
221 568 237 491
422 798 484 980
926 937 946 301
752 782 557 891
336 685 483 344
1000 130 122 122
268 689 195 673
311 734 425 948
844 546 893 800
717 366 788 550
813 521 853 369
848 154 591 229
446 253 334 305
698 79 223 213
581 17 582 412
469 4 894 31
356 161 789 84
711 856 579 936
544 52 675 89
139 886 19 856
153 316 212 714
773 643 833 914
296 806 409 667
497 931 27 854
523 87 757 92
679 818 710 960
319 942 387 564
300 228 206 359
715 286 758 609
841 152 182 196
429 955 350 438
243 814 573 917
811 635 798 472
950 882 910 638
641 569 569 205
586 129 684 116
335 807 310 537
171 323 172 24
112 330 235 659
892 915 665 880
752 176 636 81
245 852 50 966
675 979 596 964
210 232 699 49
991 22 637 116
404 623 554 988
889 822 741 390
401 11 668 419
682 434 536 699
358 94 993 87
397 491 475 680
65 438 0 513
337 169 763 11
440 788 367 577
158 186 554 39
291 817 401 630
856 279 826 571
520 814 181 927
699 439 687 20
528 555 499 95
851 920 792 499
872 856 420 868
751 971 352 735
246 574 244 598
879 878 286 867
163 40 101 718
84 981 690 808
838 659 787 539
130 232 903 74
736 733 623 957
277 678 178 328
826 72 219 215
685 611 524 506
226 176 736 30
809 404 719 761
190 762 241 149
665 75 711 163
740 880 822 438
568 23 939 68
432 817 346 216
731 921 87 843
559 610 632 747
227 224 182 187
547 339 654 216
711 603 819 229
741 972 724 316
859 176 567 182
168 619 225 418
218 368 297 565
880 204 871 668
631 540 561 494
97 182 89 907
136 179 220 693
375 543 458 596
56 848 93 694
787 802 875 277
403 787 328 959
910 789 948 144
383 585 502 805
234 805 266 940
86 291 79 933
1000 231 916 438
264 830 522 983
977 469 971 565
101 194 663 195
879 978 829 261
165 306 201 494
521 497 648 248
865 34 685 172
837 619 836 883
776 602 825 928
456 674 473 692
670 408 524 83
554 239 524 400
873 959 865 419
94 507 20 213
332 219 397 835
23 840 554 924
659 433 643 123
953 719 977 590
976 531 999 992
635 85 585 336
244 183 331 118
662 734 647 383
605 590 592 625
431 853 635 999
823 984 833 574
238 860 144 856
416 617 551 919
45 705 107 824
67 895 248 994
431 760 476 283
143 54 108 212
452 620 443 431
109 237 274 666
320 127 119 379
224 499 276 166
731 895 55 923
564 173 509 231
597 739 621 502
237 671 215 408
728 102 321 57
554 522 647 20
286 744 220 737
432 35 786 9
620 720 696 718
480 672 388 791
964 151 949 34
323 645 325 277
298 164 300 110
369 912 464 579
167 642 239 395
783 804 794 528
350 361 423 616
807 45 897 165
247 869 555 914
122 875 593 873
476 202 308 796
242 595 102 337
446 816 388 553
714 871 459 870
858 250 747 774
937 323 910 693
486 863 664 831
713 161 1000 181
981 173 990 662
341 944 319 214
770 324 813 241
451 778 723 917
855 512 844 473
789 56 771 190
440 433 425 648
746 51 484 118
47 735 99 208
675 847 389 990
294 164 295 173
595 920 311 926
157 815 556 918
261 340 284 142
847 616 887 696
460 524 425 778
263 7 508 57
886 760 693 924
284 856 878 945
1000 836 986 506
804 858 808 985
298 735 228 537
975 126 780 131
310 942 402 896
216 427 117 567
473 925 451 690
480 825 749 993
43 436 111 988
675 438 551 419
340 987 474 625
841 244 894 953
703 872 854 233
618 151 228 192
965 436 962 64
694 978 735 853
156 370 332 77
106 402 176 417
817 553 684 891
611 259 509 357
768 361 801 877
756 488 872 644
758 718 825 333
684 221 423 75
940 131 910 676
789 499 880 450
777 765 747 717
69 734 86 400
334 204 315 608
836 194 739 32
501 615 621 390
579 116 514 437
275 925 880 823
295 635 194 29
387 801 418 717
158 999 388 950
706 12 876 43
928 198 933 984
595 432 647 772
157 909 835 979
556 7 764 100
63 296 9 723
154 257 240 790
327 426 437 236
380 656 442 295
62 438 46 873
805 890 781 469
515 922 419 797
784 571 781 546
92 181 4 304
212 679 244 483
694 546 646 475
874 280 784 629
863 814 106 829
734 523 704 981
948 93 696 177
9 750 84 442
205 745 162 61
540 440 626 226
215 743 173 799
539 822 556 902
813 487 702 298
777 617 747 206
762 557 825 334
618 483 602 585
247 396 183 136
234 864 212 837
0 888 526 916
188 988 396 890
186 99 824 195
879 119 730 52
473 956 461 553
280 473 261 123
349 625 313 677
102 721 258 95
939 146 903 726
660 700 618 673
850 827 432 886
292 320 123 144
724 349 751 464
303 721 491 770
494 824 350 890
58 955 680 972
239 30 309 160
683 36 273 2
402 923 536 961
737 62 530 622
205 134 827 117
78 548 70 602
7 929 853 894
216 76 218 360
259 765 169 141
307 423 401 501
333 932 456 404
748 658 825 850
123 419 220 691
956 905 992 302
161 694 262 404
645 145 651 447
515 181 687 799
357 883 499 534
299 901 388 411
513 58 512 634
249 638 140 313
301 789 420 604
398 750 230 845
534 39 771 63
170 770 104 726
237 208 262 6
88 694 0 113
560 700 659 274
800 10 917 222
469 374 379 526
483 16 634 634
822 180 832 165
539 985 327 557
963 90 774 192
46 5 95 254
259 208 253 703
501 845 495 702
673 964 725 768
398 650 418 747
999 989 919 955
128 365 151 192
669 38 289 66
632 121 595 580
699 297 571 234
103 619 147 386
833 501 742 440
553 760 634 502
447 454 358 705
627 965 781 751
374 970 427 477
744 590 743 544
249 751 212 666
491 808 422 530
505 852 371 610
0 549 91 309
808 34 904 131
335 428 347 268
840 645 716 900
296 148 146 353
393 964 472 986
597 161 449 194
816 917 866 751
867 223 702 794
725 815 787 967
904 953 940 988
614 637 602 695
14 971 671 899
88 758 40 4
476 508 316 496
317 631 394 222
409 949 373 917
428 77 875 168
697 115 245 49
484 688 278 947
254 460 197 21
162 301 116 555
814 243 804 474
189 438 103 369
519 260 645 217
301 139 660 26
283 924 671 801
941 865 966 906
440 679 422 878
885 357 801 697
