1000 1000 500
363 816 483 391
324 551 439 702
334 715 474 233
831 654 827 202
948 528 890 35
735 912 701 381
375 481 484 890
127 738 143 155
503 868 831 783
929 92 938 275
980 731 982 585
386 832 444 267
277 873 319 843
607 169 674 122
788 343 691 882
330 773 382 716
255 474 261 176
109 12 353 125
488 57 556 301
921 179 122 20
479 993 301 506
325 861 317 687
353 913 647 829
551 73 448 188
337 40 865 60
964 787 1000 785
249 276 212 595
722 637 747 759
888 946 129 993
523 850 343 664
606 762 532 234
376 131 627 104
587 862 401 948
604 182 687 528
17 858 15 288
624 887 806 954
307 999 812 749
690 200 132 135
782 860 239 811
832 318 874 603
727 320 794 231
674 427 633 214
834 492 727 946
379 33 538 246
1000 463 934 727
268 922 183 853
523 917 518 957
213 43 215 552
236 20 242 201
498 139 692 386
677 6 555 362
567 386 612 144
336 730 939 234
844 650 778 393
119 154 298 429
464 767 341 275
732 227 792 801
996 996 950 541
848 862 131 958
375 46 417 69
122 568 355 16
571 94 674 465
581 953 841 876
427 334 449 444
104 487 298 661
179 605 261 399
67 861 872 800
96 907 72 356
859 197 274 17
360 896 542 816
1 914 591 900
94 948 43 705
786 745 729 945
387 292 481 299
747 298 711 472
743 596 853 282
515 102 368 79
728 7 624 117
658 932 280 968
766 546 784 545
467 856 202 891
625 449 540 260
135 195 179 567
847 480 674 912
801 28 380 35
545 580 539 528
462 600 392 655
417 253 378 665
685 122 126 219
675 452 506 286
0 132 31 571
0 957 572 809
824 743 821 935
229 291 123 518
665 508 507 99
443 85 980 100
726 67 983 69
326 299 488 657
142 276 128 576
822 686 869 802
718 713 895 970
486 655 308 224
656 411 671 281
688 546 614 54
151 621 292 699
477 287 415 880
740 917 632 850
522 658 514 100
849 876 448 850
783 943 274 947
465 560 439 457
837 272 854 931
234 895 75 911
370 694 424 465
548 473 588 439
66 255 100 884
672 147 503 152
515 936 879 926
929 895 951 287
584 535 627 590
938 260 993 511
118 579 119 546
673 430 537 326
720 529 750 804
990 579 913 3
331 410 428 453
725 619 708 504
485 937 659 949
391 928 479 302
299 481 210 730
223 517 303 66
27 910 692 859
491 17 637 478
679 374 696 72
368 976 366 982
495 766 332 303
731 869 773 236
974 643 934 300
166 11 105 382
546 135 529 570
837 782 410 913
377 14 409 111
200 749 297 72
325 154 541 92
858 373 811 659
884 822 891 950
47 903 26 916
514 184 522 697
65 191 72 498
625 868 45 886
490 166 403 127
146 265 251 414
654 206 642 273
308 119 260 585
362 508 293 892
510 484 570 324
282 63 142 416
38 905 714 858
131 175 142 518
502 2 724 57
319 226 498 784
240 834 840 989
348 428 371 218
468 851 467 958
663 317 577 427
248 180 396 64
588 455 512 513
926 764 916 919
1000 183 668 51
168 816 807 857
288 10 276 117
573 274 514 637
835 542 891 813
939 129 943 430
610 544 594 177
651 37 984 85
502 454 733 153
276 505 252 97
362 613 327 400
620 266 677 546
106 20 225 427
496 321 475 476
226 788 254 174
460 943 185 955
578 283 536 380
587 718 627 664
846 981 882 550
505 548 625 559
754 985 309 849
227 155 132 297
413 787 376 786
423 840 336 355
652 31 534 231
189 207 538 138
488 101 847 135
717 838 493 876
636 927 644 828
947 119 929 362
220 373 196 415
344 41 725 111
801 399 746 808
205 330 236 70
496 46 550 252
627 27 441 102
585 169 649 727
22 508 78 324
558 105 114 12
347 504 308 869
559 43 624 228
861 811 809 725
299 931 297 903
732 927 487 924
631 204 408 82
813 896 769 631
450 150 361 118
343 74 151 210
951 910 957 663
390 897 324 450
301 849 211 836
599 269 443 110
589 937 710 843
438 766 618 958
182 392 202 779
379 237 412 762
825 92 677 160
330 549 454 406
978 438 926 500
537 892 719 962
566 485 665 699
482 57 380 169
788 978 757 859
714 996 150 958
124 71 153 142
176 967 739 909
909 524 1000 74
43 984 129 883
584 975 492 964
0 86 53 258
948 583 919 61
52 4 16 358
672 55 652 612
262 277 116 453
251 143 680 34
984 475 991 418
476 194 778 58
829 844 837 245
780 241 803 293
952 187 137 122
219 167 224 738
339 971 429 555
514 522 690 578
701 760 765 874
976 822 987 253
417 982 424 775
80 298 64 984
259 727 235 726
415 796 370 736
493 942 333 689
734 530 869 912
311 835 232 825
644 2 639 99
89 689 42 497
339 587 347 248
266 715 241 549
405 900 441 566
228 906 784 986
67 432 50 530
217 650 137 501
329 935 458 497
933 850 951 749
462 818 381 482
593 359 527 29
221 939 635 914
454 86 665 135
274 37 905 154
5 516 74 24
304 227 393 623
220 545 226 139
927 206 791 65
949 386 936 30
531 286 699 432
886 233 883 906
852 55 770 59
688 457 502 487
112 374 136 280
297 187 334 45
551 852 851 869
441 31 616 326
944 694 913 688
905 228 954 619
809 322 709 256
774 890 80 808
26 62 83 58
1000 52 816 98
804 491 799 839
313 396 407 382
653 50 660 244
725 870 351 927
612 929 862 580
849 810 597 956
348 882 526 847
535 26 643 757
0 934 641 998
808 811 827 840
733 647 721 845
532 316 538 663
310 169 593 136
774 548 864 923
360 978 389 298
109 559 157 522
898 887 775 377
209 608 284 60
614 820 75 815
973 281 917 389
630 95 967 8
22 975 47 464
207 793 186 512
867 877 871 747
206 181 222 692
276 736 210 215
287 971 48 939
861 562 824 404
41 814 81 859
265 716 192 441
34 908 724 922
336 539 309 564
620 931 4 856
783 31 156 85
99 209 87 420
926 26 992 828
796 246 856 742
23 892 881 991
557 407 547 550
751 369 733 461
803 102 103 77
160 856 505 980
464 485 426 602
467 674 385 296
771 293 695 905
522 196 618 237
502 135 527 597
357 722 670 897
61 188 88 256
101 297 311 48
247 566 293 153
76 940 812 817
166 826 673 843
725 320 849 895
530 991 740 800
115 816 361 817
657 193 548 741
515 60 656 35
994 375 934 623
5 872 37 416
124 192 543 64
102 527 181 147
357 843 571 855
756 852 325 865
420 194 992 30
313 985 173 905
356 967 60 871
945 226 887 42
211 809 478 917
301 29 797 55
557 467 580 202
644 380 549 528
371 111 393 162
486 80 633 272
62 844 627 915
845 999 659 930
52 642 95 529
736 963 421 960
791 70 595 67
468 864 479 834
121 98 229 702
903 815 932 603
431 857 269 865
754 202 805 248
294 398 229 438
694 943 445 781
688 726 625 602
154 584 247 713
190 9 146 785
591 16 390 106
221 596 184 61
220 149 416 22
147 614 267 704
431 119 967 7
940 162 871 24
759 664 823 395
460 170 289 186
0 939 301 855
307 398 433 292
222 599 221 519
419 219 489 946
831 295 722 642
883 56 243 63
518 713 518 388
103 10 888 78
821 931 799 625
726 710 810 210
739 690 753 456
692 158 626 120
55 893 512 910
798 728 781 824
782 106 543 31
996 551 949 853
895 677 774 215
369 67 383 109
678 472 529 205
948 181 966 521
232 268 259 7
620 517 669 569
230 871 214 872
299 114 273 645
66 817 145 848
561 398 734 125
270 964 564 930
432 587 399 707
540 103 464 16
747 883 869 726
439 77 116 131
549 702 519 624
646 77 354 177
340 892 456 931
337 955 654 839
344 511 525 907
588 677 536 401
279 377 186 600
81 317 95 265
926 251 935 554
75 972 200 957
426 502 389 624
779 642 704 743
318 933 12 782
757 406 705 498
413 866 548 924
548 250 666 552
472 125 191 177
548 25 665 786
641 843 301 814
848 912 516 917
595 546 642 228
378 923 18 905
97 746 0 404
40 504 40 431
894 785 690 856
802 824 161 852
72 689 45 322
323 971 892 986
643 405 566 308
22 5 68 427
574 320 570 173
313 984 826 751
494 903 629 852
192 253 184 366
249 131 589 212
837 246 863 570
469 682 387 723
345 157 370 13
161 151 773 36
850 416 880 889
972 472 933 392
478 804 818 800
563 39 520 252
585 421 554 260
776 231 787 975
785 714 858 537
650 192 587 223
111 16 255 562
841 209 801 931
759 880 689 822
505 499 663 100
291 347 229 272
250 904 859 864
746 679 842 544
973 735 908 352
690 59 366 65
672 599 632 319
745 510 889 727
984 204 378 109
892 881 818 683
1000 117 995 136
994 6 816 166
839 719 803 422
665 973 776 628
853 740 838 384
109 973 13 21
619 305 517 791
206 597 235 773
123 772 188 453
451 740 524 984
742 62 180 28
928 871 927 814
104 803 59 859
661 274 277 59
657 169 642 464
238 386 176 668
326 729 302 249
598 1 258 114
