1000 1000 500
245 582 181 436
511 333 998 538
975 233 826 170
786 421 858 505
212 306 323 430
584 304 672 174
696 805 871 175
967 475 980 273
109 370 249 244
828 851 835 361
701 699 579 763
663 228 882 812
214 239 134 461
127 256 248 316
979 446 807 550
826 344 980 64
693 671 910 171
970 977 883 772
839 817 649 261
0 65 0 452
802 853 691 724
599 92 352 300
955 986 933 949
18 158 487 9
735 896 826 828
160 350 146 290
48 431 76 639
765 261 815 379
831 661 918 459
830 952 190 968
872 450 831 288
511 842 624 809
861 190 628 895
683 204 834 300
987 378 970 288
756 550 808 164
807 233 776 777
997 558 990 104
769 279 680 772
569 794 792 551
940 368 646 717
626 301 865 424
876 152 623 391
904 649 684 530
503 502 317 340
915 187 935 738
858 377 756 637
812 130 948 956
1000 335 663 352
717 937 313 940
552 181 486 194
796 232 999 970
297 185 915 133
716 38 808 51
865 560 923 406
940 952 994 859
873 643 987 277
722 137 726 584
901 94 774 656
791 399 959 763
991 177 589 751
570 303 962 306
756 784 923 591
690 330 999 175
42 569 22 811
907 370 667 343
888 196 710 603
826 828 840 464
946 578 964 626
828 169 734 506
418 816 970 786
940 892 908 764
853 842 868 146
713 825 901 659
910 316 872 282
496 748 441 737
873 292 581 276
865 561 850 39
41 165 33 4
824 582 840 694
925 932 702 320
23 841 18 687
799 180 995 712
792 530 758 840
709 310 782 83
758 103 1000 149
263 843 109 874
944 720 942 481
877 615 696 885
794 785 738 730
851 90 905 713
841 506 790 375
999 25 613 404
110 111 257 127
897 318 785 444
764 591 835 838
204 731 306 759
972 907 562 326
396 437 188 483
668 394 841 301
502 16 585 181
764 288 901 768
840 202 894 299
373 428 242 356
851 430 941 582
945 810 816 541
891 47 902 137
194 362 195 511
899 719 927 332
976 602 989 547
584 396 970 565
964 469 787 579
664 956 751 907
734 682 804 756
896 719 829 715
747 603 704 388
405 468 304 370
962 953 951 73
897 92 880 337
105 805 133 737
898 856 909 997
18 41 34 786
995 869 821 484
994 227 978 223
760 401 477 381
16 28 403 85
380 855 981 804
597 839 874 337
625 60 623 106
417 923 585 970
858 545 669 258
4 646 30 500
982 961 757 725
411 922 382 963
238 355 190 396
436 576 274 754
712 689 850 242
969 213 768 800
805 348 920 44
655 683 943 364
771 214 991 28
205 520 120 852
99 641 84 293
577 15 104 73
445 16 728 78
561 447 967 398
966 529 800 289
913 829 132 852
206 841 236 809
207 270 119 872
596 856 1000 303
858 811 711 738
421 881 921 775
962 68 965 890
965 150 785 280
836 414 905 360
678 60 444 93
201 623 365 380
819 29 552 180
511 334 998 4
696 928 827 989
965 380 579 294
622 460 857 584
747 202 615 280
433 867 733 831
789 82 770 173
545 874 824 865
774 589 635 774
688 478 939 843
755 776 923 52
721 600 875 769
777 823 973 460
493 183 375 330
204 41 661 92
347 887 652 857
856 30 677 773
953 914 938 537
47 479 0 544
251 823 885 895
316 894 773 735
795 746 782 470
764 316 850 219
869 620 853 205
659 174 766 663
713 222 912 459
893 83 867 434
467 864 811 896
288 457 271 555
73 42 451 2
745 839 944 246
243 368 203 207
889 287 551 321
750 751 833 59
996 118 746 824
222 345 238 440
857 382 856 72
766 202 888 532
943 671 848 107
860 250 763 855
649 249 980 992
618 77 475 86
928 135 919 631
917 548 733 228
361 225 130 199
891 310 611 374
0 962 28 808
908 609 679 861
234 232 232 403
620 291 776 246
984 742 677 743
637 409 903 425
585 833 267 865
815 258 780 647
216 479 210 658
821 256 886 335
988 654 432 889
232 770 395 830
11 910 32 797
576 419 948 328
716 587 764 673
789 338 979 49
931 163 1000 643
17 262 32 182
735 139 876 514
665 118 440 140
117 693 298 591
89 122 592 27
691 277 930 177
625 877 813 899
773 957 712 962
935 257 790 352
867 372 760 147
842 951 846 992
155 306 472 491
34 624 35 73
809 837 807 331
955 664 808 394
34 611 21 651
209 911 605 970
176 398 130 330
835 614 982 759
716 643 687 640
865 861 784 146
386 246 513 162
982 422 753 872
612 455 634 498
820 521 951 463
672 210 955 113
526 319 633 341
557 963 89 989
921 805 990 848
618 339 810 532
60 220 83 372
608 234 474 291
755 7 479 34
972 151 747 838
203 134 51 54
91 189 88 683
629 863 782 548
637 485 839 359
243 158 130 315
881 597 754 165
138 738 221 204
889 318 831 888
943 405 844 483
884 191 615 243
863 565 564 371
510 38 263 120
919 698 969 363
706 135 870 645
564 258 912 854
829 717 732 875
166 390 213 420
133 220 170 537
926 810 601 789
171 277 283 344
714 470 902 483
638 834 322 821
345 340 587 148
626 356 800 679
810 525 786 824
266 270 110 184
832 200 794 210
986 173 893 469
876 548 743 280
760 356 825 619
788 272 993 11
512 544 520 511
147 39 717 22
980 170 569 224
601 836 756 599
98 837 10 338
359 666 473 786
897 576 724 222
932 31 906 590
276 785 639 868
37 8 12 632
654 257 944 642
2 86 653 133
965 413 831 608
798 450 585 853
912 808 1000 353
919 904 755 860
122 609 147 790
618 355 802 665
546 627 632 633
226 684 459 643
998 876 712 560
203 446 414 484
717 594 681 371
546 459 417 349
862 186 476 358
272 47 121 60
901 555 848 741
158 796 592 897
704 419 877 728
600 772 756 868
632 356 799 617
867 489 957 623
324 144 522 14
891 416 865 316
108 918 811 994
422 893 262 800
670 941 94 960
19 92 19 412
891 493 716 538
658 409 888 26
380 55 249 84
504 874 536 825
725 285 943 10
845 652 882 349
851 292 793 436
462 262 514 143
646 603 617 493
724 704 725 401
974 65 834 243
922 351 863 204
257 501 217 164
522 501 324 453
444 454 213 276
894 43 912 45
994 542 858 214
982 201 495 897
936 185 728 329
752 500 837 362
725 389 671 783
764 546 793 130
929 769 747 528
564 741 325 597
444 142 633 154
717 894 760 284
880 429 545 359
797 572 893 272
565 309 674 396
987 849 886 761
737 753 793 341
209 684 146 415
974 695 858 626
657 884 747 432
691 642 793 583
561 337 656 241
901 754 701 840
582 170 481 204
876 260 855 593
742 481 742 376
580 456 859 170
592 167 312 27
365 759 485 734
819 273 968 622
449 966 427 927
106 28 31 795
296 721 392 747
972 622 852 699
321 833 133 893
87 127 0 604
701 372 971 231
762 197 654 250
995 337 867 899
688 704 598 822
98 270 11 815
674 837 982 191
351 17 83 57
812 729 885 75
514 314 558 301
440 314 736 249
611 985 247 907
977 815 645 210
540 971 680 999
857 71 864 751
831 341 487 350
546 959 331 980
560 839 917 609
912 730 478 828
0 825 0 956
941 765 455 327
807 75 838 575
429 114 535 158
148 354 202 585
965 513 926 98
969 779 951 838
954 468 835 589
865 91 856 742
973 118 974 685
403 95 712 39
881 687 1000 68
768 349 968 303
519 358 737 362
855 644 666 487
989 815 265 871
706 195 765 780
3 638 91 498
367 997 381 906
676 945 814 985
176 558 187 272
834 768 257 879
380 647 396 779
682 245 952 637
53 265 91 549
195 515 293 412
839 492 869 471
105 959 23 284
307 858 855 855
764 104 785 171
888 737 970 556
761 736 669 781
431 931 823 970
656 224 822 212
153 363 322 176
696 980 726 965
919 431 970 715
983 806 288 798
876 758 731 673
948 112 784 369
877 339 995 746
581 262 808 337
103 565 176 414
658 249 808 177
943 648 606 838
663 159 987 476
788 520 866 35
691 168 857 524
325 761 314 703
614 207 841 506
792 799 867 689
349 814 787 838
262 564 397 399
836 520 581 228
792 217 566 269
274 927 153 905
840 249 946 993
777 627 797 393
582 343 740 606
658 311 783 286
498 285 886 480
550 395 961 302
286 365 243 470
873 421 990 183
629 50 146 144
3 860 98 446
73 762 0 901
990 979 912 817
677 524 886 725
884 887 909 661
199 167 158 559
751 120 910 631
963 613 983 36
879 600 922 116
518 407 872 61
698 6 407 17
788 199 716 580
51 786 59 391
678 409 606 467
123 319 168 629
491 279 576 388
486 231 626 177
764 114 995 394
548 896 834 775
217 918 890 992
616 25 420 104
597 891 991 826
565 261 745 413
831 317 674 530
884 203 857 428
900 305 971 825
670 279 863 633
855 205 983 28
913 635 463 373
631 36 148 72
704 39 543 192
919 163 856 643
275 789 360 791
964 539 714 886
892 809 1000 391
753 521 781 425
256 56 645 17
192 888 715 846
861 466 860 435
659 100 17 19
64 487 60 184
449 361 754 119
