1000 1000 500
767 108 600 414
943 455 973 962
946 507 990 178
866 250 920 268
800 688 993 765
669 352 951 551
906 821 947 725
43 903 270 995
752 735 890 108
367 880 715 842
704 512 808 723
845 764 892 167
839 473 770 128
890 240 875 20
80 906 173 982
653 252 676 173
394 972 854 960
827 382 883 827
260 282 219 151
129 35 258 77
782 49 606 13
914 166 699 201
154 550 162 359
337 237 435 182
466 875 950 610
594 286 788 293
219 95 604 92
129 624 234 206
611 814 501 851
922 917 725 243
325 933 642 958
514 894 834 634
864 781 776 382
860 845 360 792
920 574 595 887
580 297 800 132
775 321 863 681
723 525 926 158
232 274 280 354
901 449 999 155
506 361 609 292
709 617 987 647
941 134 990 650
787 650 989 305
81 234 24 333
413 372 502 426
402 804 120 783
849 818 816 466
732 388 816 764
858 475 618 247
222 198 178 424
81 715 78 721
690 301 596 469
94 956 44 960
817 624 732 280
793 115 552 430
678 307 920 264
750 845 748 658
899 674 473 344
108 697 283 403
926 270 667 857
829 158 827 182
998 511 811 701
133 848 180 226
291 56 230 2
103 701 154 607
738 539 984 543
700 401 611 244
615 695 762 742
915 637 940 438
172 914 830 997
251 231 132 599
936 473 509 382
232 272 130 468
990 36 780 452
324 43 21 50
623 385 916 818
954 381 917 772
841 453 923 900
643 310 558 350
693 470 718 477
608 945 264 949
729 621 661 329
410 431 493 594
681 283 851 102
863 37 951 882
384 400 256 521
926 314 631 219
977 189 727 126
847 236 948 499
612 436 553 320
859 609 983 73
255 10 296 27
593 221 527 341
477 23 303 118
908 545 784 532
437 490 341 515
984 561 969 316
745 826 960 875
407 505 300 351
806 384 776 141
839 48 938 186
958 474 894 57
921 398 987 362
858 266 910 745
736 239 915 618
764 868 650 875
0 655 1 414
912 871 876 519
363 697 544 717
854 525 842 765
952 825 918 365
169 475 177 598
709 748 770 650
306 974 676 924
209 80 221 46
306 923 200 974
717 884 381 872
833 142 518 301
638 143 571 23
959 257 827 373
528 689 578 744
458 520 448 525
993 606 816 392
696 524 996 240
860 328 944 169
599 383 625 215
833 370 781 134
342 193 253 181
862 254 766 321
209 673 391 482
630 807 433 866
962 418 750 112
11 585 33 891
95 59 216 71
725 462 718 472
914 596 921 541
911 965 940 62
238 228 225 501
951 812 582 307
987 282 913 479
1000 558 675 380
45 274 78 744
299 499 194 314
770 625 854 870
673 114 160 39
789 286 674 471
679 821 635 823
544 11 494 18
793 274 885 689
873 337 970 39
357 495 179 630
417 181 247 229
845 83 856 167
37 953 9 462
681 136 614 13
31 545 24 131
305 20 417 132
835 868 145 782
902 616 750 136
929 312 650 184
167 490 132 749
966 143 783 147
885 356 599 736
1000 41 577 277
795 228 706 567
798 588 940 94
996 460 798 91
564 808 558 814
655 336 713 519
845 593 567 353
670 869 711 787
882 512 1000 128
995 251 976 573
950 794 682 406
741 439 661 663
708 308 649 301
844 524 724 536
659 733 997 940
728 710 934 927
616 307 792 233
568 802 913 768
724 123 707 821
11 45 500 67
471 792 238 4
771 715 706 707
301 938 686 912
931 565 794 106
820 861 622 289
943 950 984 189
512 114 278 7
861 129 516 391
757 585 626 392
941 573 683 804
186 933 835 966
957 834 632 178
861 649 990 982
413 833 943 831
704 100 389 275
779 609 631 772
359 990 37 980
757 465 919 924
837 598 481 336
655 178 700 205
637 971 762 985
300 452 480 505
710 200 885 40
901 498 941 82
748 695 721 484
951 512 895 51
571 106 439 58
185 405 293 585
807 922 783 956
632 301 990 932
832 928 434 917
990 309 686 753
394 647 435 612
69 29 297 76
899 445 693 867
315 552 184 513
804 292 984 528
612 907 541 956
854 430 772 443
861 522 764 167
949 70 850 843
289 200 449 180
910 825 848 84
57 288 0 677
369 387 147 360
949 861 384 861
336 775 789 886
932 894 854 38
922 664 697 725
366 750 217 751
811 61 699 538
484 217 590 196
976 187 973 330
802 15 554 58
966 164 946 37
616 821 902 802
963 585 920 835
948 698 775 485
666 269 991 628
33 109 151 50
228 813 938 860
517 814 787 708
951 215 798 380
771 624 720 228
879 486 963 965
275 388 103 151
132 400 138 461
959 843 596 898
758 117 899 891
310 114 156 116
79 157 159 34
916 642 938 955
648 10 329 20
152 55 398 32
992 158 550 283
900 580 938 127
279 634 465 721
897 433 765 544
76 291 93 589
57 776 16 365
241 995 72 969
87 395 3 581
1000 209 836 476
974 323 948 826
86 629 0 124
907 725 887 565
0 252 173 62
711 141 657 356
225 474 228 228
81 994 84 471
805 925 51 937
14 214 82 404
631 395 929 368
896 425 923 685
688 150 879 370
887 371 486 286
239 352 555 525
757 879 898 147
740 677 949 790
718 577 929 600
85 114 566 34
823 797 963 479
781 368 860 645
334 524 109 630
614 312 961 927
14 323 34 582
827 855 965 367
770 895 774 783
634 721 993 308
835 526 883 343
904 667 477 831
50 142 49 940
867 455 540 260
833 279 938 775
1000 85 693 137
906 494 816 189
990 239 940 478
877 821 927 969
560 373 864 721
938 631 866 126
875 238 884 657
769 328 817 676
92 202 81 190
551 373 778 586
521 339 679 339
135 254 223 557
758 833 957 244
802 841 427 829
794 411 568 374
106 617 283 205
730 526 913 888
785 364 731 654
834 830 200 788
576 158 212 117
444 491 225 478
700 857 904 887
824 794 993 12
133 466 181 226
638 864 817 86
611 61 190 62
872 892 701 203
968 48 985 385
896 742 739 632
953 125 752 616
486 326 735 396
712 144 681 375
648 104 614 67
708 818 833 551
941 276 764 772
740 643 679 600
954 617 709 241
672 517 964 722
650 894 852 713
746 964 156 969
730 169 956 949
759 387 794 79
659 216 902 268
720 315 924 770
72 414 90 418
0 297 16 514
572 323 972 396
798 107 997 941
901 658 585 882
730 670 781 402
829 23 134 114
323 623 497 722
816 472 836 183
810 169 661 221
279 969 419 915
872 435 903 442
557 811 776 736
622 384 999 107
545 982 703 972
829 77 909 686
24 896 683 959
953 113 988 707
112 522 284 338
829 601 706 510
476 622 421 520
700 188 634 307
646 679 814 417
286 606 206 667
862 963 806 954
736 172 919 210
511 870 827 613
933 172 680 476
114 968 25 613
566 817 826 615
529 285 774 386
976 891 101 752
990 254 740 694
951 421 805 786
837 166 999 140
933 292 659 899
187 797 414 822
890 133 711 161
88 917 637 905
848 97 796 517
123 441 147 319
704 626 777 390
882 326 724 801
998 727 532 311
964 358 923 214
940 146 935 665
677 356 977 915
529 392 519 308
454 474 378 447
967 136 480 385
999 449 990 518
202 722 267 658
482 60 617 131
276 118 391 58
78 916 190 977
936 731 516 334
965 835 1000 511
490 342 946 764
368 425 193 689
109 393 172 230
209 884 470 866
934 627 461 894
914 361 969 571
436 857 805 680
217 513 129 553
839 222 883 751
745 446 808 330
873 629 977 39
676 255 988 184
763 979 19 961
851 507 860 259
813 313 972 653
636 619 602 536
861 498 572 449
409 475 161 517
70 141 1 763
810 612 977 179
807 221 911 401
918 752 962 290
948 528 982 540
97 486 9 868
798 367 1000 570
132 235 188 424
813 202 637 838
815 861 770 161
115 804 213 771
868 83 847 244
752 667 755 451
58 807 85 241
123 8 313 54
561 814 575 772
977 661 897 765
906 721 494 366
857 798 506 835
751 889 867 744
163 266 354 234
626 150 318 281
634 388 673 433
660 330 834 120
799 110 972 753
999 123 871 728
859 783 691 623
668 590 639 552
808 193 961 725
399 974 887 926
460 58 317 66
639 711 749 606
983 861 488 278
574 645 690 565
342 83 46 77
182 484 290 463
989 108 969 86
586 362 835 369
709 376 773 827
865 428 791 338
946 273 641 316
951 800 664 248
866 156 934 395
648 666 786 375
946 46 880 838
669 573 603 708
976 36 697 665
963 589 959 221
687 652 950 140
326 345 206 395
80 15 18 344
968 809 748 339
964 550 813 658
156 617 113 387
811 743 916 769
39 594 21 259
810 781 689 443
139 327 258 236
759 457 691 583
906 575 627 772
640 63 312 131
51 99 178 137
945 808 838 547
744 714 774 524
968 350 925 540
723 457 891 142
948 526 732 590
729 115 866 446
710 319 779 897
827 657 659 333
687 482 842 237
117 22 26 188
611 799 140 878
694 580 782 508
935 675 925 239
517 29 91 61
597 191 605 167
975 692 714 333
603 832 296 884
935 353 707 173
35 278 60 586
853 843 694 528
419 877 734 697
