1000 1000 500
275 13 441 29
157 45 867 266
408 27 435 24
108 262 59 790
409 252 93 629
78 581 67 299
304 25 610 1
240 266 238 482
590 769 31 145
30 118 222 84
612 230 573 441
344 663 344 211
978 245 669 333
184 127 332 459
451 644 88 725
725 427 932 451
187 236 197 226
925 172 982 65
136 97 423 783
836 966 958 931
96 125 240 808
428 593 256 240
108 50 94 894
600 710 170 884
489 663 546 682
686 200 605 106
253 968 265 827
166 600 80 443
119 257 209 905
923 275 999 426
303 457 384 194
235 92 133 830
484 40 914 128
181 864 173 316
530 260 230 107
394 414 326 164
610 609 690 605
175 605 223 224
909 37 428 20
89 946 773 684
771 369 878 528
135 475 242 548
304 338 339 422
246 803 418 804
24 555 280 613
87 725 399 522
923 21 984 355
489 915 734 886
702 790 238 469
199 680 72 244
27 576 337 153
334 729 14 50
375 784 320 224
979 637 804 813
130 845 316 356
679 508 72 889
429 477 263 587
584 262 990 604
868 684 222 574
779 790 319 679
438 837 14 578
822 831 981 930
23 79 132 544
768 786 396 804
703 680 53 938
571 622 127 494
252 789 464 613
118 871 73 512
389 426 354 936
395 400 334 570
989 317 604 317
78 675 281 715
476 211 80 419
625 568 96 445
843 233 742 370
734 93 996 72
170 667 410 677
4 539 75 267
169 950 400 575
192 347 295 524
197 858 324 236
998 941 929 167
259 900 65 444
634 240 975 264
325 359 29 504
506 781 507 504
468 632 201 790
608 341 872 52
225 527 199 783
538 42 714 274
444 512 400 827
875 120 721 475
640 694 88 45
411 541 84 473
465 806 304 705
676 111 925 550
413 812 145 578
570 750 4 474
516 738 335 393
540 809 16 406
255 740 261 884
987 631 974 194
562 845 291 361
83 837 97 876
474 753 22 865
605 206 867 48
600 782 677 742
7 514 394 624
120 442 94 180
995 619 974 626
341 560 251 837
54 246 599 846
244 814 569 704
96 219 114 951
92 242 388 662
448 280 102 897
658 523 568 611
463 792 28 584
201 282 236 639
644 84 509 1
272 523 778 708
481 290 70 146
21 816 722 547
164 225 226 251
344 653 430 432
118 860 856 649
141 746 358 250
549 357 948 252
335 119 197 311
964 371 585 120
961 730 983 228
221 630 413 706
621 735 290 723
586 313 883 42
870 447 1000 594
290 106 110 411
499 728 218 529
348 731 109 997
10 733 57 678
182 629 239 902
470 718 359 847
481 585 179 191
270 222 545 767
140 678 329 150
461 151 603 162
594 558 265 560
354 524 448 592
673 624 38 902
547 734 789 712
972 681 834 954
1000 558 902 25
18 955 344 122
278 302 288 218
178 167 220 285
342 59 43 774
182 842 27 526
497 603 266 198
619 970 652 938
573 137 650 2
177 64 4 982
988 287 883 417
329 427 332 259
566 478 381 675
97 305 743 620
279 256 61 271
359 406 288 767
993 882 731 898
14 320 272 859
389 577 338 393
744 517 706 78
524 900 712 922
254 614 771 802
108 828 169 748
434 283 193 744
261 651 231 401
583 846 529 677
369 692 328 274
209 891 683 617
214 410 382 858
403 523 689 733
8 797 468 673
153 637 346 905
511 889 360 527
799 555 277 753
478 95 790 168
176 131 433 497
942 557 914 353
357 194 26 208
634 754 36 488
253 672 1 264
944 156 601 438
77 454 304 214
231 189 355 622
215 318 842 693
790 276 554 352
823 648 58 906
799 547 639 609
0 904 103 673
274 302 0 153
360 205 335 169
89 643 245 501
310 898 793 574
61 435 110 917
226 657 359 290
611 700 194 332
181 595 24 692
268 274 23 219
561 116 982 129
321 459 792 606
990 335 629 29
589 516 196 919
332 499 324 320
719 520 426 879
340 323 463 776
787 114 879 173
0 168 134 370
617 167 511 382
611 63 740 177
354 460 221 180
654 466 957 58
932 479 1000 327
236 980 180 485
278 603 433 505
186 903 314 580
368 269 37 101
204 321 626 609
370 538 304 119
176 99 150 543
129 610 270 314
466 572 315 425
682 354 567 93
336 146 428 197
139 984 308 121
695 563 778 739
940 350 793 342
354 912 373 918
530 861 331 287
303 794 217 180
812 298 605 405
99 330 419 753
966 837 884 883
148 738 112 843
73 35 542 756
302 195 395 562
165 399 606 688
102 848 603 851
250 165 0 774
841 677 468 900
621 460 627 363
427 912 264 950
641 742 424 847
851 825 997 554
421 522 184 699
87 672 9 414
726 674 208 506
196 822 344 641
639 674 799 796
987 509 776 247
531 394 770 197
732 272 543 164
677 741 186 688
955 56 943 594
949 388 717 432
85 443 783 585
382 82 892 92
489 747 195 194
636 801 42 693
976 929 419 968
233 518 687 649
85 258 29 774
114 760 125 958
535 399 723 320
4 608 139 88
93 744 331 201
619 271 945 397
19 71 269 869
461 280 21 201
211 719 356 869
405 534 110 818
139 404 160 993
805 678 47 929
125 675 314 849
46 980 258 369
554 329 798 53
759 843 862 914
65 487 196 368
23 476 328 883
641 413 740 50
407 290 368 637
668 622 846 634
499 468 34 284
145 973 471 820
303 201 44 459
636 641 0 454
694 206 946 310
198 695 91 800
465 498 332 366
208 71 397 463
194 392 553 209
134 177 218 587
764 214 472 384
729 149 864 51
975 783 458 967
402 70 838 283
768 518 761 167
550 42 735 460
169 771 708 813
724 557 856 639
323 405 489 750
840 99 579 63
0 29 91 865
923 814 689 886
418 205 209 878
676 656 482 523
364 719 795 772
281 391 789 680
524 128 190 11
82 408 322 871
76 495 698 667
49 334 800 568
737 207 891 341
601 52 965 101
80 588 533 199
639 788 556 731
964 263 522 312
102 10 989 189
86 202 287 259
410 722 32 279
269 596 204 866
794 540 935 79
692 366 753 477
13 228 316 752
426 709 274 338
566 792 749 597
336 667 594 816
131 799 39 134
234 855 79 586
297 404 21 566
483 955 481 999
698 85 731 130
48 273 194 480
770 766 443 527
951 170 582 426
1000 77 942 925
45 108 45 236
573 283 967 396
946 193 720 55
221 556 270 107
33 925 289 400
71 838 411 160
624 655 339 715
103 657 124 980
237 757 198 698
335 420 243 525
484 495 242 509
185 527 25 949
354 355 403 730
285 965 391 312
475 240 202 609
418 669 780 757
203 227 531 242
333 465 106 779
787 161 1000 288
509 414 867 30
36 913 628 500
371 898 232 709
167 977 253 894
388 471 456 478
386 765 284 766
223 234 340 850
118 787 636 487
394 159 472 257
155 779 209 996
771 299 769 24
884 454 795 99
586 685 108 661
7 3 153 744
223 666 845 654
351 920 162 460
83 856 470 619
263 269 383 186
276 259 21 451
541 514 341 933
632 721 192 422
584 973 519 904
731 763 47 915
26 800 2 934
448 646 72 771
588 751 118 52
71 724 340 409
863 264 582 157
752 156 886 325
127 354 30 333
757 16 792 354
426 515 456 626
917 675 871 980
734 668 102 400
856 355 772 447
694 582 349 598
233 456 488 684
44 204 92 868
984 152 741 73
586 82 674 177
721 571 372 513
539 106 635 205
218 109 117 635
372 789 132 915
559 643 200 530
990 291 985 559
109 676 317 161
542 794 150 427
584 637 289 936
232 678 490 513
798 564 276 701
429 535 159 859
224 310 195 927
878 580 471 518
563 799 601 594
408 624 151 598
534 182 8 969
817 501 754 489
478 534 215 972
270 501 34 295
953 306 769 322
661 698 77 911
61 587 240 100
137 443 153 314
519 762 194 865
127 206 108 329
671 623 144 283
288 334 38 954
841 170 376 91
186 282 194 200
309 525 117 244
30 879 656 794
602 100 842 180
301 104 443 580
429 323 199 883
0 118 191 436
997 179 615 192
760 9 469 86
792 320 524 72
370 531 27 252
243 963 23 522
1000 217 598 238
684 390 830 188
813 852 561 893
645 828 113 681
420 830 18 924
102 458 407 653
333 388 13 561
104 545 574 679
790 135 685 63
70 593 852 597
82 74 502 258
489 823 270 679
914 364 916 310
721 669 200 659
741 784 370 887
543 737 216 735
87 333 390 210
582 824 87 558
988 167 925 478
4 335 540 581
628 757 193 928
913 649 234 347
779 630 891 599
817 769 165 537
36 929 321 945
862 623 249 382
519 498 732 627
355 609 323 329
813 224 966 255
306 150 416 564
577 355 578 343
233 15 631 214
466 826 218 944
93 251 259 659
76 81 197 891
112 566 376 625
521 581 178 640
784 66 601 12
766 737 491 761
377 272 368 511
157 464 173 845
165 388 82 480
362 664 46 740
14 799 101 225
870 196 629 155
983 492 568 13
27 314 42 213
680 516 266 530
4 486 159 714
797 234 942 399
450 568 622 705
154 161 247 750
295 318 485 202
346 120 319 360
114 768 221 305
276 434 222 961
