1000 1000 500
96 101 373 477
189 497 799 704
142 970 194 652
936 503 1000 244
352 446 320 528
622 853 23 570
437 290 66 169
64 856 150 233
533 531 602 854
348 606 564 808
182 599 277 131
16 725 277 861
188 614 90 817
916 218 881 157
478 859 602 854
907 356 845 526
433 886 184 395
217 285 552 797
396 409 320 889
893 643 846 725
54 842 363 350
43 970 485 164
624 798 148 847
890 639 42 853
79 773 153 836
503 700 52 217
898 599 111 438
404 496 201 978
560 29 966 353
41 430 114 259
743 599 18 662
497 426 916 556
793 732 175 949
205 494 71 717
56 359 82 276
144 570 321 820
156 526 354 767
352 481 787 747
933 295 844 425
314 724 498 481
8 128 375 199
629 603 737 748
271 490 250 502
80 541 711 771
372 138 89 202
270 861 139 114
180 83 363 804
75 580 557 795
440 341 422 236
359 92 725 171
332 185 231 446
21 987 267 652
69 802 454 629
11 351 244 589
588 590 130 153
318 357 498 747
943 337 522 383
899 604 114 593
483 664 47 571
680 740 108 466
222 400 46 804
765 779 359 741
452 759 489 486
390 277 54 850
526 555 484 466
341 261 497 172
658 506 390 905
222 520 620 832
951 976 994 639
76 325 58 167
959 206 686 18
27 416 90 728
111 787 673 592
54 726 75 429
330 388 173 895
471 630 105 514
513 173 27 682
478 439 528 678
829 267 929 262
33 825 239 691
426 512 750 625
33 100 312 450
170 476 585 539
755 230 733 182
239 714 307 485
766 690 177 668
733 483 692 453
687 948 719 87
222 318 43 482
585 739 362 488
839 714 47 577
83 102 6 425
692 702 32 898
0 361 276 710
416 936 816 953
263 660 124 848
323 261 394 863
338 932 10 350
789 549 285 613
352 906 424 622
878 804 758 911
19 108 151 662
28 506 53 433
221 999 388 974
691 150 768 449
463 776 438 508
431 142 763 19
270 803 160 696
37 841 260 618
131 666 251 823
233 37 889 213
640 446 926 323
888 967 992 662
233 533 130 677
499 804 331 624
214 209 390 499
142 588 347 502
129 452 513 262
345 118 18 252
533 851 336 904
248 574 23 90
358 748 108 302
996 810 999 402
618 341 611 455
886 673 26 318
477 70 819 297
71 725 162 277
128 291 414 282
407 871 842 607
296 891 548 805
55 290 139 189
443 419 109 635
901 978 618 888
34 224 424 345
694 975 894 886
240 790 349 212
347 846 78 814
976 493 655 386
307 336 550 598
250 621 94 800
354 163 161 257
299 323 311 617
7 743 181 476
985 271 796 130
679 601 164 514
644 509 401 912
802 855 918 924
357 227 326 916
928 462 748 175
641 706 587 710
88 892 171 987
59 47 480 248
917 216 939 338
409 784 191 68
284 501 702 832
372 487 244 391
819 987 922 766
814 57 642 162
109 407 143 640
296 864 287 131
18 215 263 883
800 676 846 581
481 884 692 537
567 696 237 947
822 269 603 20
711 193 212 21
89 972 358 458
48 240 368 813
883 444 891 200
10 642 367 273
324 296 383 545
840 303 904 124
986 523 749 80
336 886 185 554
540 704 164 336
134 101 81 635
1000 538 873 724
34 791 408 149
373 592 522 884
305 856 191 770
342 839 834 751
41 719 696 750
569 789 503 442
325 687 419 538
489 404 846 562
333 869 93 190
323 685 104 929
824 246 661 70
555 811 360 426
533 776 14 251
265 413 268 799
908 279 134 24
114 894 269 470
826 296 603 4
271 313 125 523
86 381 814 663
382 720 365 602
36 247 313 895
762 758 440 718
627 98 645 380
289 190 166 966
635 568 841 576
679 38 163 4
359 610 264 509
453 620 141 302
29 232 131 718
171 538 528 839
761 885 960 618
24 749 407 836
9 746 533 543
0 232 498 516
73 47 119 555
896 418 512 23
354 894 173 489
276 602 169 293
966 217 550 374
648 740 383 434
540 332 800 255
999 425 761 518
396 648 299 401
357 541 81 363
635 131 752 293
635 22 320 25
567 793 6 199
26 845 669 784
413 602 124 227
105 344 140 252
880 821 878 709
375 355 408 338
767 858 612 875
590 840 313 421
35 988 780 786
898 112 711 274
346 497 276 699
548 747 276 465
468 703 294 728
122 942 22 962
340 700 151 902
561 701 264 948
322 478 597 675
185 19 900 170
129 67 469 867
204 652 491 617
446 559 51 22
323 911 253 119
161 636 231 987
101 592 392 231
784 659 237 642
327 561 118 768
197 940 318 108
129 515 368 737
614 701 358 679
393 712 379 325
434 919 106 822
308 681 26 204
204 761 212 548
980 590 867 346
265 379 667 771
130 860 325 198
985 38 962 306
215 791 181 464
921 899 343 986
125 504 266 657
370 537 18 521
757 330 728 286
475 896 268 225
7 686 43 597
824 693 709 720
64 766 541 508
585 988 890 757
317 675 123 615
699 664 177 343
446 998 754 906
612 79 981 12
539 734 49 106
407 417 409 404
780 492 649 123
610 212 604 99
33 465 264 166
36 45 25 381
334 853 173 893
670 742 158 806
168 331 48 472
264 29 793 179
434 841 58 790
902 130 754 327
135 578 506 853
120 14 773 53
920 697 868 835
548 692 331 691
950 574 737 103
33 966 74 723
475 768 611 706
673 368 672 223
193 665 124 346
926 117 394 82
944 35 920 588
827 561 66 590
649 681 477 523
351 661 292 609
629 544 533 532
458 96 671 24
278 912 435 460
165 368 272 521
147 393 201 757
930 252 596 192
46 889 67 218
382 514 569 806
190 289 4 211
77 70 173 521
81 340 268 319
853 39 855 386
401 912 562 611
615 450 594 50
858 838 1000 800
3 693 203 401
365 593 478 889
336 202 97 988
33 846 791 638
293 717 214 522
316 614 100 288
615 60 939 560
128 54 359 329
90 93 430 168
61 825 144 726
25 371 813 701
30 741 605 606
659 384 544 377
786 752 486 676
189 316 382 630
53 442 148 997
101 646 301 926
245 856 103 630
201 364 124 706
72 786 22 106
769 686 743 654
739 87 992 348
843 677 0 347
386 227 304 354
175 595 177 477
592 187 366 27
740 637 235 431
685 559 127 999
734 613 178 317
180 894 217 628
252 14 305 58
85 460 0 346
905 436 786 100
191 909 488 569
360 56 999 203
933 189 756 121
424 413 371 696
514 182 189 116
14 248 563 589
43 150 72 263
584 160 958 297
651 607 812 702
7 715 461 431
895 153 723 59
129 633 37 165
88 902 423 439
143 121 171 111
346 575 346 133
373 218 439 204
382 656 493 742
128 905 58 406
112 628 293 118
852 525 702 120
686 283 747 429
31 972 418 661
736 588 381 448
726 628 429 497
587 819 646 849
955 250 623 158
30 637 560 801
320 599 911 609
549 756 33 980
314 526 425 841
976 176 952 517
923 31 814 497
203 510 526 833
558 732 243 861
259 360 0 214
710 81 894 210
484 440 176 379
331 871 589 561
20 157 230 177
7 876 495 498
257 761 311 199
280 147 256 902
855 178 716 455
252 703 31 714
430 573 228 159
324 656 166 503
349 777 469 585
510 67 537 26
317 586 489 443
991 23 806 17
906 587 599 547
990 584 799 824
804 636 198 298
402 668 374 856
877 428 621 399
750 315 694 479
959 333 528 367
670 465 958 277
366 846 50 743
73 389 99 693
294 933 599 499
374 517 620 488
417 793 145 556
673 887 688 901
0 803 346 938
863 141 231 31
76 763 440 307
47 575 56 19
102 372 480 434
33 427 81 880
837 240 486 350
64 19 358 348
521 253 276 93
230 626 236 750
233 402 271 700
727 271 633 181
210 824 578 599
84 648 228 516
476 701 451 891
52 783 288 343
82 383 404 602
93 451 671 537
380 804 329 906
159 306 17 419
101 990 43 761
251 630 273 537
799 110 826 532
409 683 290 242
804 699 360 841
55 140 323 230
5 358 543 708
217 285 411 175
104 522 57 245
818 417 855 299
241 711 312 868
230 515 161 520
617 813 90 447
285 915 276 879
624 142 962 389
1000 775 970 828
63 241 533 532
811 961 1000 481
175 982 644 561
230 798 491 747
244 362 333 623
155 592 367 775
349 252 163 464
271 738 672 668
141 314 574 519
128 739 316 244
212 98 637 807
634 548 740 597
374 830 389 784
231 237 481 724
319 462 188 102
174 770 76 548
251 371 713 548
337 533 51 33
761 218 403 88
147 154 189 732
286 95 281 239
27 690 303 625
475 173 260 287
613 288 852 401
79 662 198 499
482 862 681 523
137 682 183 169
83 936 572 658
33 660 143 283
778 650 553 551
44 473 685 763
391 812 214 466
232 280 399 533
538 709 102 360
876 704 810 853
84 653 672 810
722 787 408 410
730 367 795 523
660 718 2 1
52 953 450 743
915 171 705 381
140 617 795 768
826 450 742 65
153 705 633 831
268 850 309 758
40 992 842 575
206 672 468 680
805 468 892 529
65 543 223 633
728 399 993 258
88 470 239 916
388 549 290 388
