1000 1000 500
360 251 0 125
371 673 360 251
921 905 371 673
275 890 921 905
416 328 275 890
310 860 416 328
804 351 310 860
921 621 804 351
55 76 921 621
537 166 55 76
416 406 537 166
501 511 416 406
572 987 501 511
661 419 572 987
223 439 661 419
643 913 223 439
339 883 643 913
671 786 339 883
803 726 671 786
166 869 803 726
919 121 166 869
481 959 919 121
479 33 481 959
250 186 479 33
226 608 250 186
317 607 226 608
759 47 317 607
416 316 759 47
563 169 416 316
807 784 563 169
335 323 807 784
306 353 335 323
841 996 306 353
641 518 841 996
369 135 641 518
456 598 369 135
329 694 456 598
591 960 329 694
911 264 591 960
137 430 911 264
567 888 137 430
603 420 567 888
743 995 603 420
876 775 743 995
244 437 876 775
964 603 244 437
931 356 964 603
741 573 931 356
345 721 741 573
766 569 345 721
685 860 766 569
480 699 685 860
39 898 480 699
854 630 39 898
316 799 854 630
350 925 316 799
248 523 350 925
282 759 248 523
342 598 282 759
159 275 342 598
927 23 159 275
162 696 927 23
12 402 162 696
568 529 12 402
27 306 568 529
942 489 27 306
415 669 942 489
73 195 415 669
960 7 73 195
186 399 960 7
837 87 186 399
965 858 837 87
448 230 965 858
367 49 448 230
391 773 367 49
217 294 391 773
988 332 217 294
234 349 988 332
889 429 234 349
661 974 889 429
335 953 661 974
726 336 335 953
690 220 726 336
7 262 690 220
262 749 7 262
63 993 262 749
307 567 63 993
904 497 307 567
497 746 904 497
808 309 497 746
49 544 808 309
564 25 49 544
522 356 564 25
44 885 522 356
172 80 44 885
162 969 172 80
539 409 162 969
89 953 539 409
87 459 89 953
961 373 87 459
844 154 961 373
71 754 844 154
757 767 71 754
594 108 757 767
866 914 594 108
600 838 866 914
422 753 600 838
238 35 422 753
245 231 238 35
163 28 245 231
898 607 163 28
566 813 898 607
568 436 566 813
771 113 568 436
963 197 771 113
210 658 963 197
477 397 210 658
158 950 477 397
889 78 158 950
990 664 889 78
927 185 990 664
583 759 927 185
451 790 583 759
171 301 451 790
603 730 171 301
476 165 603 730
746 486 476 165
300 103 746 486
70 493 300 103
652 665 70 493
229 68 652 665
389 579 229 68
571 104 389 579
34 481 571 104
89 749 34 481
827 52 89 749
682 590 827 52
79 394 682 590
75 899 79 394
698 353 75 899
746 687 698 353
656 930 746 687
724 86 656 930
741 557 724 86
848 10 741 557
328 528 848 10
255 326 328 528
184 935 255 326
713 722 184 935
26 815 713 722
451 373 26 815
903 56 451 373
750 74 903 56
940 981 750 74
456 882 940 981
708 634 456 882
10 741 708 634
920 965 10 741
831 384 920 965
841 984 831 384
72 842 841 984
701 386 72 842
265 774 701 386
870 989 265 774
981 192 870 989
284 925 981 192
559 819 284 925
177 276 559 819
131 635 177 276
661 296 131 635
611 346 661 296
881 209 611 346
492 386 881 209
477 785 492 386
483 114 477 785
205 485 483 114
638 915 205 485
712 889 638 915
211 121 712 889
190 262 211 121
65 419 190 262
51 964 65 419
374 505 51 964
652 569 374 505
106 272 652 569
451 248 106 272
762 339 451 248
235 664 762 339
266 1 235 664
900 233 266 1
798 270 900 233
550 883 798 270
180 985 550 883
544 48 180 985
623 103 544 48
518 903 623 103
677 730 518 903
568 692 677 730
703 288 568 692
127 981 703 288
641 212 127 981
852 144 641 212
712 802 852 144
576 776 712 802
510 877 576 776
772 379 510 877
929 38 772 379
636 94 929 38
464 310 636 94
2 466 464 310
94 701 2 466
948 100 94 701
449 720 948 100
651 247 449 720
904 164 651 247
369 205 904 164
485 409 369 205
869 475 485 409
575 952 869 475
465 332 575 952
569 711 465 332
586 275 569 711
236 104 586 275
643 378 236 104
327 284 643 378
982 742 327 284
236 117 982 742
729 39 236 117
766 535 729 39
583 652 766 535
379 100 583 652
23 856 379 100
567 955 23 856
255 340 567 955
93 463 255 340
621 78 93 463
325 316 621 78
193 469 325 316
763 792 193 469
497 725 763 792
312 596 497 725
734 87 312 596
808 694 734 87
495 502 808 694
311 119 495 502
647 990 311 119
269 399 647 990
596 893 269 399
64 528 596 893
90 222 64 528
593 301 90 222
727 406 593 301
84 121 727 406
855 804 84 121
52 944 855 804
99 344 52 944
867 797 99 344
693 591 867 797
339 814 693 591
529 870 339 814
922 329 529 870
905 897 922 329
179 127 905 897
654 170 179 127
932 600 654 170
842 794 932 600
571 337 842 794
4 336 571 337
224 940 4 336
40 449 224 940
438 577 40 449
361 32 438 577
699 670 361 32
539 71 699 670
851 865 539 71
770 793 851 865
291 451 770 793
251 213 291 451
552 566 251 213
381 807 552 566
548 198 381 807
500 487 548 198
238 591 500 487
785 263 238 591
606 282 785 263
404 540 606 282
140 189 404 540
34 434 140 189
912 532 34 434
666 116 912 532
181 137 666 116
511 159 181 137
285 659 511 159
517 824 285 659
776 257 517 824
430 212 776 257
622 91 430 212
224 977 622 91
701 326 224 977
585 364 701 326
986 429 585 364
22 981 986 429
489 70 22 981
590 13 489 70
880 515 590 13
461 893 880 515
198 136 461 893
826 760 198 136
347 383 826 760
116 462 347 383
39 923 116 462
732 509 39 923
31 228 732 509
473 555 31 228
496 967 473 555
55 354 496 967
455 937 55 354
738 693 455 937
581 375 738 693
202 780 581 375
826 667 202 780
283 909 826 667
136 888 283 909
435 16 136 888
8 411 435 16
960 625 8 411
453 534 960 625
269 365 453 534
470 576 269 365
11 882 470 576
340 808 11 882
695 99 340 808
535 52 695 99
503 84 535 52
637 244 503 84
995 484 637 244
408 164 995 484
196 477 408 164
190 404 196 477
440 164 190 404
445 481 440 164
423 592 445 481
820 758 423 592
109 414 820 758
346 906 109 414
700 152 346 906
561 247 700 152
221 446 561 247
762 484 221 446
306 210 762 484
44 948 306 210
200 784 44 948
461 728 200 784
678 47 461 728
97 287 678 47
122 279 97 287
639 489 122 279
646 248 639 489
797 657 646 248
710 813 797 657
702 555 710 813
683 524 702 555
629 904 683 524
223 407 629 904
521 703 223 407
390 185 521 703
985 45 390 185
365 557 985 45
119 642 365 557
442 835 119 642
174 987 442 835
38 753 174 987
962 93 38 753
809 301 962 93
360 519 809 301
365 283 360 519
975 71 365 283
886 1 975 71
706 612 886 1
696 968 706 612
921 814 696 968
80 84 921 814
713 594 80 84
255 47 713 594
818 535 255 47
410 262 818 535
484 17 410 262
546 466 484 17
975 526 546 466
812 953 975 526
772 676 812 953
879 856 772 676
396 310 879 856
723 275 396 310
837 175 723 275
144 874 837 175
852 845 144 874
196 25 852 845
818 862 196 25
193 449 818 862
41 827 193 449
273 689 41 827
547 419 273 689
651 560 547 419
274 139 651 560
919 811 274 139
118 253 919 811
97 41 118 253
408 941 97 41
770 335 408 941
538 20 770 335
224 564 538 20
128 998 224 564
272 928 128 998
348 65 272 928
831 554 348 65
588 989 831 554
435 562 588 989
407 501 435 562
12 913 407 501
999 594 12 913
172 414 999 594
971 548 172 414
278 79 971 548
521 136 278 79
608 369 521 136
698 9 608 369
468 786 698 9
515 887 468 786
542 519 515 887
758 560 542 519
470 203 758 560
337 731 470 203
838 340 337 731
887 833 838 340
399 823 887 833
959 118 399 823
875 263 959 118
975 528 875 263
724 975 975 528
454 801 724 975
968 84 454 801
871 840 968 84
542 246 871 840
29 907 542 246
220 158 29 907
910 676 220 158
814 369 910 676
862 642 814 369
641 444 862 642
21 480 641 444
820 323 21 480
551 705 820 323
928 750 551 705
621 566 928 750
906 668 621 566
628 373 906 668
256 315 628 373
474 951 256 315
397 345 474 951
363 498 397 345
437 437 363 498
445 766 437 437
790 656 445 766
848 167 790 656
417 377 848 167
465 307 417 377
563 541 465 307
57 136 563 541
455 384 57 136
33 335 455 384
960 918 33 335
906 98 960 918
930 41 906 98
39 59 930 41
632 6 39 59
253 268 632 6
631 854 253 268
277 237 631 854
535 409 277 237
156 936 535 409
385 250 156 936
482 947 385 250
318 762 482 947
25 979 318 762
668 346 25 979
342 675 668 346
39 678 342 675
8 23 39 678
996 842 8 23
675 602 996 842
634 965 675 602
599 54 634 965
698 172 599 54
623 723 698 172
726 153 623 723
531 435 726 153
95 482 531 435
779 506 95 482
1000 219 779 506
