100 100 400
0 99 45 99
46 99 100 99
0 1 17 1
18 1 100 1
0 1 50 50
100 1 50 50
1 1 50 50
1 99 50 50
0 2 50 50
100 2 50 50
2 1 50 50
2 99 50 50
0 3 50 50
100 3 50 50
3 1 50 50
3 99 50 50
0 4 50 50
100 4 50 50
4 1 50 50
4 99 50 50
0 5 50 50
100 5 50 50
5 1 50 50
5 99 50 50
0 6 50 50
100 6 50 50
6 1 50 50
6 99 50 50
0 7 50 50
100 7 50 50
7 1 50 50
7 99 50 50
0 8 50 50
100 8 50 50
8 1 50 50
8 99 50 50
0 9 50 50
100 9 50 50
9 1 50 50
9 99 50 50
0 10 50 50
100 10 50 50
10 1 50 50
10 99 50 50
0 11 50 50
100 11 50 50
11 1 50 50
11 99 50 50
0 12 50 50
100 12 50 50
12 1 50 50
12 99 50 50
0 13 50 50
100 13 50 50
13 1 50 50
13 99 50 50
0 14 50 50
100 14 50 50
14 1 50 50
14 99 50 50
0 15 50 50
100 15 50 50
15 1 50 50
15 99 50 50
0 16 50 50
100 16 50 50
16 1 50 50
16 99 50 50
0 17 50 50
100 17 50 50
17 1 50 50
17 99 50 50
0 18 50 50
100 18 50 50
18 1 50 50
18 99 50 50
0 19 50 50
100 19 50 50
19 1 50 50
19 99 50 50
0 20 50 50
100 20 50 50
20 1 50 50
20 99 50 50
0 21 50 50
100 21 50 50
21 1 50 50
21 99 50 50
0 22 50 50
100 22 50 50
22 1 50 50
22 99 50 50
0 23 50 50
100 23 50 50
23 1 50 50
23 99 50 50
0 24 50 50
100 24 50 50
24 1 50 50
24 99 50 50
0 25 50 50
100 25 50 50
25 1 50 50
25 99 50 50
0 26 50 50
100 26 50 50
26 1 50 50
26 99 50 50
0 27 50 50
100 27 50 50
27 1 50 50
27 99 50 50
0 28 50 50
100 28 50 50
28 1 50 50
28 99 50 50
0 29 50 50
100 29 50 50
29 1 50 50
29 99 50 50
0 30 50 50
100 30 50 50
30 1 50 50
30 99 50 50
0 31 50 50
100 31 50 50
31 1 50 50
31 99 50 50
0 32 50 50
100 32 50 50
32 1 50 50
32 99 50 50
0 33 50 50
100 33 50 50
33 1 50 50
33 99 50 50
0 34 50 50
100 34 50 50
34 1 50 50
34 99 50 50
0 35 50 50
100 35 50 50
35 1 50 50
35 99 50 50
0 36 50 50
100 36 50 50
36 1 50 50
36 99 50 50
0 37 50 50
100 37 50 50
37 1 50 50
37 99 50 50
0 38 50 50
100 38 50 50
38 1 50 50
38 99 50 50
0 39 50 50
100 39 50 50
39 1 50 50
39 99 50 50
0 40 50 50
100 40 50 50
40 1 50 50
40 99 50 50
0 41 50 50
100 41 50 50
41 1 50 50
41 99 50 50
0 42 50 50
100 42 50 50
42 1 50 50
42 99 50 50
0 43 50 50
100 43 50 50
43 1 50 50
43 99 50 50
0 44 50 50
100 44 50 50
44 1 50 50
44 99 50 50
0 45 50 50
100 45 50 50
45 1 50 50
45 99 50 50
0 46 50 50
100 46 50 50
46 1 50 50
46 99 50 50
0 47 50 50
100 47 50 50
47 1 50 50
47 99 50 50
0 48 50 50
100 48 50 50
48 1 50 50
48 99 50 50
0 49 50 50
100 49 50 50
49 1 50 50
49 99 50 50
0 50 50 50
100 50 50 50
50 1 50 50
50 99 50 50
0 51 50 50
100 51 50 50
51 1 50 50
51 99 50 50
0 52 50 50
100 52 50 50
52 1 50 50
52 99 50 50
0 53 50 50
100 53 50 50
53 1 50 50
53 99 50 50
0 54 50 50
100 54 50 50
54 1 50 50
54 99 50 50
0 55 50 50
100 55 50 50
55 1 50 50
55 99 50 50
0 56 50 50
100 56 50 50
56 1 50 50
56 99 50 50
0 57 50 50
100 57 50 50
57 1 50 50
57 99 50 50
0 58 50 50
100 58 50 50
58 1 50 50
58 99 50 50
0 59 50 50
100 59 50 50
59 1 50 50
59 99 50 50
0 60 50 50
100 60 50 50
60 1 50 50
60 99 50 50
0 61 50 50
100 61 50 50
61 1 50 50
61 99 50 50
0 62 50 50
100 62 50 50
62 1 50 50
62 99 50 50
0 63 50 50
100 63 50 50
63 1 50 50
63 99 50 50
0 64 50 50
100 64 50 50
64 1 50 50
64 99 50 50
0 65 50 50
100 65 50 50
65 1 50 50
65 99 50 50
0 66 50 50
100 66 50 50
66 1 50 50
66 99 50 50
0 67 50 50
100 67 50 50
67 1 50 50
67 99 50 50
0 68 50 50
100 68 50 50
68 1 50 50
68 99 50 50
0 69 50 50
100 69 50 50
69 1 50 50
69 99 50 50
0 70 50 50
100 70 50 50
70 1 50 50
70 99 50 50
0 71 50 50
100 71 50 50
71 1 50 50
71 99 50 50
0 72 50 50
100 72 50 50
72 1 50 50
72 99 50 50
0 73 50 50
100 73 50 50
73 1 50 50
73 99 50 50
0 74 50 50
100 74 50 50
74 1 50 50
74 99 50 50
0 75 50 50
100 75 50 50
75 1 50 50
75 99 50 50
0 76 50 50
100 76 50 50
76 1 50 50
76 99 50 50
0 77 50 50
100 77 50 50
77 1 50 50
77 99 50 50
0 78 50 50
100 78 50 50
78 1 50 50
78 99 50 50
0 79 50 50
100 79 50 50
79 1 50 50
79 99 50 50
0 80 50 50
100 80 50 50
80 1 50 50
80 99 50 50
0 81 50 50
100 81 50 50
81 1 50 50
81 99 50 50
0 82 50 50
100 82 50 50
82 1 50 50
82 99 50 50
0 83 50 50
100 83 50 50
83 1 50 50
83 99 50 50
0 84 50 50
100 84 50 50
84 1 50 50
84 99 50 50
0 85 50 50
100 85 50 50
85 1 50 50
85 99 50 50
0 86 50 50
100 86 50 50
86 1 50 50
86 99 50 50
0 87 50 50
100 87 50 50
87 1 50 50
87 99 50 50
0 88 50 50
100 88 50 50
88 1 50 50
88 99 50 50
0 89 50 50
100 89 50 50
89 1 50 50
89 99 50 50
0 90 50 50
100 90 50 50
90 1 50 50
90 99 50 50
0 91 50 50
100 91 50 50
91 1 50 50
91 99 50 50
0 92 50 50
100 92 50 50
92 1 50 50
92 99 50 50
0 93 50 50
100 93 50 50
93 1 50 50
93 99 50 50
0 94 50 50
100 94 50 50
94 1 50 50
94 99 50 50
0 95 50 50
100 95 50 50
95 1 50 50
95 99 50 50
0 96 50 50
100 96 50 50
96 1 50 50
96 99 50 50
0 97 50 50
100 97 50 50
97 1 50 50
97 99 50 50
0 98 50 50
100 98 50 50
98 1 50 50
98 99 50 50
0 99 50 50
100 99 50 50
99 1 50 50
99 99 50 50
