696 897 328
566 36 510 771
22 756 60 394
167 468 87 843
220 647 336 462
674 825 131 708
347 552 625 574
692 202 517 262
202 726 240 475
658 412 241 378
341 660 342 464
286 491 612 690
482 491 643 108
386 584 49 744
352 337 356 715
553 304 571 1
563 875 518 180
163 147 135 172
141 756 337 96
514 21 429 412
566 660 379 303
666 461 463 850
121 692 77 380
639 834 587 145
86 735 363 402
111 18 620 717
657 271 494 831
383 702 306 817
627 703 532 300
346 631 162 541
577 31 310 188
492 8 59 574
75 128 391 774
554 818 676 204
664 382 262 620
86 302 625 564
371 205 119 716
116 83 380 408
561 660 42 891
615 640 628 862
59 82 42 397
614 791 113 4
246 425 13 896
347 718 498 444
409 589 497 19
498 438 135 412
147 223 43 368
199 463 355 29
127 573 423 361
467 324 456 334
163 597 48 468
468 412 35 828
103 618 226 75
552 78 457 123
145 878 476 47
528 164 122 4
430 374 17 853
71 629 124 484
406 469 47 420
465 179 620 539
550 323 576 600
270 510 254 706
530 762 652 401
309 148 399 140
133 73 553 349
351 241 512 394
669 148 40 769
383 380 194 420
629 509 226 239
145 698 27 575
640 742 280 418
134 139 113 892
227 103 291 666
325 289 125 603
603 804 48 480
313 337 376 871
237 642 377 374
448 623 503 645
359 725 295 83
90 569 563 81
557 830 409 660
2 148 527 78
422 888 153 110
471 624 144 819
518 263 329 773
20 282 174 282
338 201 543 415
573 57 275 84
520 605 440 194
383 271 54 527
496 862 454 348
379 136 68 719
222 565 618 147
7 534 522 684
655 71 194 516
559 33 87 280
292 727 518 11
56 644 423 42
557 720 448 882
291 790 150 723
263 412 270 238
666 599 562 347
98 412 304 31
128 594 164 519
112 141 403 601
645 140 674 261
157 91 521 26
659 555 420 201
636 399 570 397
467 461 602 132
53 790 152 237
500 414 315 225
650 253 102 628
691 445 194 699
679 208 542 337
646 752 375 387
401 558 309 203
157 746 529 452
460 480 67 200
322 144 575 877
327 284 537 598
221 694 678 70
336 304 8 30
645 24 118 608
293 805 118 514
35 598 608 802
674 859 487 541
82 362 521 32
483 887 665 621
219 446 330 562
508 11 555 787
93 836 62 781
524 113 283 501
166 388 438 138
159 69 413 107
629 301 562 524
427 261 404 116
311 776 528 657
474 76 168 623
593 892 227 600
435 604 204 227
573 616 476 672
695 264 189 322
516 206 25 133
541 671 36 35
386 655 520 55
500 148 539 327
18 294 226 192
582 492 364 783
180 741 519 164
42 638 269 219
423 683 246 350
219 859 486 86
7 455 487 868
657 884 153 232
464 893 234 717
661 174 691 403
506 729 86 738
319 30 565 1
691 778 463 546
571 470 554 379
508 144 81 11
84 560 485 697
385 716 253 877
456 358 139 491
139 446 79 544
255 740 177 495
635 234 157 403
124 848 645 585
255 337 74 733
133 402 166 857
385 109 136 386
421 469 421 561
540 729 675 57
208 170 567 746
38 614 465 263
517 889 413 734
325 334 371 665
523 492 652 887
502 419 118 888
428 426 601 547
175 837 122 162
495 112 53 258
131 235 232 119
469 715 543 291
14 412 289 682
634 557 33 38
313 396 239 166
61 436 693 618
17 108 454 497
252 266 174 491
163 229 190 139
469 12 671 460
187 370 392 762
61 452 676 444
433 190 40 85
355 747 159 110
374 21 368 668
258 841 397 48
112 399 177 356
394 383 337 139
14 219 231 296
423 689 85 191
19 548 450 379
273 744 162 505
307 533 607 368
99 372 582 390
52 436 45 106
597 476 469 882
26 176 325 186
378 203 420 435
90 704 295 109
390 355 535 298
668 48 416 99
22 107 535 427
371 437 46 46
162 860 628 554
120 72 574 480
318 1 569 888
292 434 8 210
634 684 530 93
585 685 385 618
148 86 499 792
40 414 492 869
584 63 446 342
586 852 452 528
551 526 365 274
105 592 563 514
487 170 148 240
660 172 258 210
506 788 444 591
258 156 684 663
90 49 151 28
401 75 660 591
391 575 293 445
48 664 524 381
22 495 679 161
339 779 562 452
399 266 55 469
473 97 674 282
137 206 330 639
435 581 170 113
28 345 29 601
60 321 623 373
531 665 78 819
27 532 48 180
149 417 540 427
411 535 169 573
103 523 353 887
670 691 520 483
212 734 47 30
265 434 113 632
378 729 113 326
640 734 167 712
381 427 454 303
89 142 275 160
100 446 87 256
480 805 499 115
283 207 640 616
69 801 524 397
524 409 492 85
5 185 613 500
535 454 140 230
164 815 307 501
565 575 3 442
185 798 591 654
252 10 687 757
483 504 370 272
301 133 173 696
549 881 634 659
688 306 686 185
65 170 687 255
43 796 258 163
47 849 48 298
482 245 552 386
164 356 401 149
545 497 529 486
497 505 150 415
55 874 514 620
400 794 265 520
278 771 349 732
165 791 231 621
188 224 74 330
189 134 19 471
282 630 404 522
559 722 580 528
16 782 601 129
588 10 390 335
356 645 180 711
44 452 8 452
425 703 306 871
202 269 273 643
594 370 610 702
114 735 589 468
355 135 580 857
11 564 479 684
207 148 666 163
230 682 103 839
44 500 484 726
622 104 604 603
392 292 381 528
171 307 291 728
166 523 277 876
94 253 478 502
371 281 101 674
683 429 445 366
16 404 347 743
530 686 564 811
306 298 51 130
383 102 524 28
529 528 34 514
126 836 141 805
543 191 1 780
588 409 287 872
456 100 254 101
41 824 147 608
555 54 328 183
508 513 544 875
667 625 57 169
247 335 683 156
362 117 532 498
399 392 311 379
347 457 501 651
570 308 214 527
383 383 605 412
206 371 640 419
254 608 28 662
688 524 246 355
226 329 659 793
