574 335 488
354 1 241 83
192 191 232 65
327 7 496 33
124 288 464 37
389 202 149 314
370 230 398 233
550 16 166 235
507 264 351 284
318 326 120 282
488 255 240 73
272 200 348 319
189 16 132 257
422 267 14 258
233 241 544 28
489 166 290 12
16 264 114 289
445 231 513 275
433 201 502 148
141 71 215 252
133 268 325 316
88 80 489 219
91 114 402 238
312 263 372 107
264 75 499 321
108 18 426 225
548 37 8 76
403 277 505 58
515 305 574 51
18 236 247 233
214 85 239 138
368 106 89 50
455 112 320 228
543 175 62 95
275 41 113 236
293 240 454 291
321 165 268 49
487 82 556 318
298 41 444 16
204 149 414 217
573 112 41 256
554 280 503 74
296 131 354 203
545 293 535 226
301 263 404 173
310 41 301 135
51 18 157 51
513 44 199 177
254 317 248 191
285 209 509 321
140 164 511 308
31 68 425 82
507 106 450 40
462 89 481 281
193 274 339 180
391 91 96 288
252 10 317 306
212 84 511 162
108 35 134 169
374 310 231 90
393 146 130 132
266 39 244 86
448 53 567 137
417 216 478 309
401 134 288 306
388 263 157 283
108 296 409 32
393 43 184 10
64 176 109 197
332 55 242 134
284 322 94 38
60 293 542 54
437 99 158 6
33 116 43 117
301 197 330 58
224 260 154 256
293 68 179 334
261 275 6 257
144 263 310 230
100 156 188 312
56 183 571 79
514 296 94 50
122 37 347 180
378 229 345 175
105 243 542 329
464 299 179 28
477 307 191 209
146 307 479 173
295 122 31 324
205 121 483 161
364 141 109 181
122 91 28 52
37 4 564 241
134 155 60 296
568 194 44 138
186 15 354 118
307 131 186 128
211 331 166 118
510 156 134 284
169 284 31 206
87 141 412 232
475 16 129 5
501 273 200 250
427 89 351 280
287 181 48 231
374 24 110 306
476 272 317 76
109 91 74 20
173 191 75 84
539 314 165 250
574 25 400 268
103 54 309 306
378 26 296 211
557 148 121 148
124 133 233 183
90 35 88 282
279 247 175 114
7 199 225 118
340 194 196 24
397 172 327 220
115 163 430 291
491 320 574 104
300 49 113 163
491 282 312 4
242 105 182 157
527 98 228 322
406 220 489 10
158 322 91 34
309 48 552 200
535 239 240 251
1 319 272 101
429 55 541 59
112 242 217 44
62 290 407 39
234 229 573 267
525 328 239 191
297 266 273 201
373 67 366 274
373 130 179 64
438 94 216 206
469 200 120 211
432 234 235 187
280 243 502 140
51 131 82 62
525 206 475 117
139 78 553 35
327 283 314 210
143 135 340 88
217 17 353 111
46 148 387 107
372 96 304 50
332 89 268 205
252 166 57 195
117 157 95 8
398 92 251 61
257 99 6 235
307 227 254 274
530 142 513 288
341 150 309 19
349 229 228 47
124 251 242 157
338 52 406 110
388 130 570 113
251 72 261 118
215 17 346 88
172 187 240 5
84 193 367 214
324 233 510 326
226 316 369 235
336 45 349 239
284 64 482 216
342 55 49 283
29 293 171 178
231 272 480 119
527 128 307 69
220 298 301 74
159 206 237 243
131 323 434 284
422 39 44 31
277 177 296 238
42 238 57 331
571 245 57 92
36 168 305 138
302 328 3 176
536 93 111 305
147 105 244 5
541 299 281 73
139 12 429 252
47 242 269 9
273 179 296 181
436 138 405 195
269 109 357 272
511 43 363 222
245 233 207 178
393 331 552 55
94 308 127 185
501 262 160 164
452 313 303 68
557 294 538 106
557 146 506 231
520 168 551 292
176 267 389 29
296 241 548 153
164 156 75 134
362 170 112 133
360 149 542 190
370 252 60 246
227 67 444 154
349 186 439 270
46 111 444 83
522 135 204 216
346 44 526 293
361 44 41 17
225 293 343 12
548 142 484 129
376 63 244 170
134 323 292 307
253 311 61 44
474 224 574 80
314 236 493 235
505 104 1 167
489 85 476 316
80 68 72 111
437 265 254 105
215 132 489 298
104 81 395 197
26 32 149 47
127 163 316 102
370 124 572 99
319 32 30 10
425 190 75 228
53 265 320 215
112 63 155 160
385 192 310 8
470 276 387 153
344 33 270 205
494 251 158 235
343 36 552 217
239 242 146 25
288 46 294 11
172 32 36 198
192 36 309 57
43 231 373 282
180 89 544 159
113 69 446 132
363 142 130 147
109 328 335 258
427 127 120 259
185 284 411 115
133 293 12 264
321 134 237 180
367 105 299 149
139 234 259 28
149 95 420 53
363 318 248 240
66 255 280 158
507 301 62 325
41 96 344 144
119 92 172 122
546 132 335 180
129 25 358 49
511 118 73 113
361 312 103 174
13 294 392 140
263 88 168 268
153 250 49 330
255 27 440 117
188 69 265 47
204 278 256 70
488 73 17 76
101 296 262 123
49 230 128 250
90 275 311 135
274 104 162 28
413 241 143 323
410 143 536 106
287 103 273 208
330 190 277 291
519 145 209 102
503 276 225 80
97 322 55 299
343 272 226 100
569 258 127 137
13 279 185 141
298 131 202 114
144 280 133 170
382 81 24 307
38 216 411 204
470 30 132 185
566 232 317 7
346 276 314 32
410 312 498 289
247 139 138 239
15 77 252 185
387 85 399 164
428 201 251 181
307 181 2 22
382 330 573 231
354 55 243 136
38 194 494 226
211 57 11 239
83 41 552 166
41 220 412 222
264 232 451 141
320 119 56 176
362 163 544 318
90 246 341 262
170 117 15 122
476 55 222 334
94 163 391 170
442 229 416 176
48 204 152 151
123 97 167 169
277 237 556 111
126 129 159 157
328 268 300 24
323 82 107 226
283 333 144 80
115 73 212 312
181 210 159 251
68 296 194 301
188 145 320 215
572 325 213 300
263 300 432 296
563 190 139 162
451 180 240 241
543 158 362 242
356 255 240 95
414 212 473 302
282 245 532 321
426 94 121 288
547 215 418 24
261 235 250 41
154 28 397 35
325 29 538 124
419 60 417 35
567 65 556 166
74 318 204 3
322 220 363 266
361 124 252 314
96 294 300 164
393 187 84 161
493 237 304 317
493 301 488 173
369 274 59 276
147 56 491 257
495 183 157 231
402 124 311 154
549 270 454 258
195 216 83 277
574 58 77 245
43 1 280 42
324 23 231 256
235 219 57 57
147 256 97 163
341 251 179 213
241 139 452 52
140 101 472 87
271 181 571 147
96 206 483 137
6 145 347 266
533 168 43 25
215 199 449 218
327 84 476 108
81 169 501 73
105 109 362 61
469 253 407 262
485 135 129 149
295 327 408 214
47 244 49 157
399 150 418 200
151 2 130 20
86 238 366 78
561 273 468 167
438 303 11 103
533 189 61 217
350 268 221 31
36 299 114 162
448 299 35 84
116 25 323 302
278 231 257 323
243 130 383 23
393 145 91 194
226 78 442 238
1 45 16 14
310 58 489 289
494 66 395 78
50 152 383 289
71 107 525 108
564 290 2 132
547 104 92 325
65 332 277 41
504 64 487 138
189 272 138 76
143 15 542 93
119 89 368 320
526 7 87 57
443 179 38 90
230 311 311 65
455 206 323 198
398 331 5 267
139 258 122 285
543 37 427 97
80 64 495 113
428 4 17 80
198 101 406 165
391 105 488 36
77 250 14 203
319 8 67 208
451 43 305 137
289 23 305 133
16 330 359 245
531 198 17 176
429 299 461 146
103 92 480 328
170 147 8 25
346 243 286 262
364 213 354 312
117 151 312 92
417 238 511 93
265 33 202 193
142 91 53 180
197 272 363 13
143 112 103 236
475 176 12 325
46 120 62 226
65 257 384 24
444 278 383 124
474 84 503 11
201 203 364 225
487 276 287 3
75 194 409 213
460 89 343 64
494 123 436 38
77 226 187 96
340 12 457 205
438 58 389 132
417 212 58 36
390 78 473 47
202 318 253 148
137 154 420 117
381 3 571 238
46 39 385 110
461 146 241 58
145 159 270 293
191 162 259 103
182 34 124 96
413 122 207 90
132 195 540 323
449 15 414 163
97 274 289 89
151 167 177 192
81 292 549 205
287 233 448 7
160 88 7 242
473 47 254 127
472 185 112 128
121 58 22 46
74 270 104 92
51 44 246 144
225 33 76 273
479 278 417 173
67 217 431 268
258 177 507 45
442 201 478 108
11 245 493 192
567 333 353 115
460 328 420 95
483 142 422 128
465 113 310 50
460 311 51 300
367 323 406 292
10 195 392 195
259 73 129 196
412 128 92 53
402 128 449 198
113 64 16 215
284 294 258 106
519 326 548 174
558 180 34 293
136 226 410 120
508 137 314 180
417 104 395 239
39 275 239 85
374 243 95 49
515 27 471 51
118 330 245 333
37 251 29 276
326 243 441 18
