866 54 465
289 14 770 48
634 14 239 3
333 41 601 26
616 28 183 40
429 16 150 8
711 12 468 20
547 44 400 5
349 18 230 33
505 42 427 44
316 41 688 44
475 9 25 48
343 47 582 45
585 1 837 37
594 23 734 36
691 46 237 50
163 24 526 27
667 6 278 22
414 50 310 13
526 4 198 14
866 34 774 22
480 38 655 4
437 30 621 6
621 39 766 34
541 29 518 16
470 26 39 20
296 48 719 35
163 24 39 11
544 25 682 32
801 13 464 32
240 51 525 50
256 3 527 19
260 10 387 17
18 47 603 7
283 21 751 50
354 29 130 19
536 1 807 47
445 52 157 25
577 12 649 8
121 46 410 30
105 19 388 21
517 38 539 27
224 31 615 53
344 26 611 2
546 30 775 50
824 26 654 2
553 26 663 49
809 13 64 37
548 22 319 31
751 17 64 42
473 13 788 6
186 53 150 31
269 50 8 43
5 40 851 12
724 29 598 11
792 2 442 24
848 9 647 15
743 18 741 14
786 31 180 8
74 53 668 40
597 14 80 15
741 27 816 12
109 5 141 18
292 28 861 38
356 8 715 11
780 6 71 47
110 16 68 11
550 12 664 11
483 36 754 34
407 32 438 50
528 4 13 10
253 18 697 22
254 4 689 40
601 18 312 10
444 46 436 41
571 41 572 6
712 32 30 44
40 31 11 44
41 29 394 20
822 39 65 10
154 18 498 28
656 44 420 47
845 20 574 48
718 36 171 52
341 38 804 33
613 45 506 31
765 41 162 8
580 33 215 35
537 33 161 25
506 42 207 40
356 18 688 3
268 6 728 8
697 26 208 30
656 19 866 13
95 42 297 34
536 43 801 49
617 41 216 37
143 51 87 10
168 30 298 34
831 51 534 27
209 41 450 11
514 49 440 1
830 36 109 9
649 48 611 22
768 26 328 41
576 19 97 45
323 18 362 42
459 1 582 32
449 41 495 45
280 47 794 5
57 16 804 15
599 37 316 8
638 35 706 26
482 7 667 39
148 39 218 51
504 25 651 5
565 25 29 22
616 30 22 6
780 6 713 25
10 19 849 48
799 52 251 51
427 34 359 4
419 45 289 12
307 35 679 7
651 4 549 17
528 32 845 42
272 40 223 24
800 53 590 49
116 3 363 22
92 28 413 20
620 47 116 21
282 49 362 46
864 36 711 24
162 27 354 12
667 32 143 53
446 30 847 1
20 24 143 33
836 10 584 39
526 32 739 45
330 18 275 6
628 50 376 17
563 21 742 8
207 27 223 6
24 14 414 14
315 46 161 3
590 53 544 32
802 29 691 23
331 22 579 13
404 2 856 27
159 33 546 34
747 16 32 17
587 23 35 27
259 43 49 39
263 35 559 44
174 5 243 10
51 24 528 47
458 15 237 4
776 33 838 7
231 33 15 14
792 31 51 32
73 43 834 12
56 40 481 51
464 36 251 45
856 47 67 8
220 18 781 11
654 32 194 38
290 44 84 39
346 43 184 15
555 30 170 28
638 5 211 19
492 39 258 15
90 20 523 5
487 30 465 32
34 41 28 39
604 7 364 25
511 28 404 43
693 28 309 20
729 46 449 43
69 18 388 1
309 46 349 34
95 23 361 27
0 49 28 39
550 19 609 39
682 3 749 33
610 39 703 35
174 8 96 38
179 34 80 3
455 49 560 38
204 25 71 37
449 26 552 36
797 2 661 13
684 38 286 14
828 4 238 28
788 29 642 15
596 35 664 3
54 40 10 53
597 8 332 26
648 30 676 44
455 44 656 12
152 11 307 44
548 16 349 13
344 29 143 35
223 23 804 35
493 31 155 21
422 34 623 33
241 36 489 6
807 7 263 33
239 41 110 48
302 49 332 22
642 9 676 16
404 17 627 21
723 17 203 45
126 30 789 52
65 16 710 16
797 46 420 8
375 39 413 8
106 12 682 31
819 2 487 5
536 12 215 15
111 46 359 13
176 31 242 17
147 34 130 23
303 37 79 49
407 30 161 50
524 43 539 32
765 7 547 37
317 28 840 15
88 45 286 51
706 14 413 5
182 33 223 10
191 12 590 24
568 31 49 20
382 22 582 45
307 10 172 23
431 30 220 16
840 20 835 14
441 49 394 8
493 48 110 33
819 15 853 11
160 16 201 40
822 9 104 33
388 40 805 40
785 21 588 17
14 38 477 41
263 53 771 19
817 49 737 2
803 11 647 2
112 38 338 25
82 2 845 33
429 34 388 42
439 20 785 47
399 14 535 31
408 31 69 9
334 34 636 42
265 31 403 16
126 35 791 28
445 5 275 46
643 6 722 24
177 4 617 6
586 50 329 6
462 47 829 13
27 32 124 30
125 41 530 35
265 39 652 43
678 50 412 36
38 50 688 30
392 31 593 39
78 40 733 16
175 43 13 23
833 12 508 35
514 52 772 53
83 17 188 51
347 34 352 46
859 44 207 35
734 36 847 34
615 31 23 15
595 53 85 10
312 13 711 47
552 1 321 23
20 30 308 19
13 3 132 9
94 4 782 27
747 10 272 46
572 52 280 9
73 14 753 8
69 7 305 33
281 23 598 34
331 31 257 9
250 30 534 5
493 46 816 41
839 50 479 51
461 24 60 3
688 51 643 32
31 43 100 7
685 26 177 50
473 48 123 11
542 47 272 16
539 43 663 7
614 48 512 51
268 21 72 42
147 19 861 17
15 35 624 45
669 26 404 46
197 40 353 1
745 30 428 34
409 10 51 53
36 23 213 53
798 26 89 23
432 42 459 37
561 40 718 10
577 51 93 49
452 16 841 19
523 7 5 18
70 11 43 42
649 15 105 12
605 51 66 4
437 48 621 5
544 33 763 48
374 27 148 44
837 6 678 1
381 22 636 14
642 39 17 9
825 49 283 48
297 20 838 25
256 30 600 48
95 8 169 30
689 24 228 25
53 21 296 13
175 49 423 31
282 35 766 34
504 33 318 42
612 19 400 31
306 53 758 29
711 51 577 29
347 21 335 26
325 18 771 10
273 53 237 35
658 44 93 14
164 6 192 4
548 7 307 12
52 39 29 9
859 32 146 31
852 4 316 45
325 10 123 41
265 9 809 9
391 32 172 53
285 17 738 37
500 1 105 44
257 41 381 41
572 27 511 47
29 14 843 11
366 48 603 45
672 9 505 17
692 42 139 21
540 23 35 10
537 51 52 40
207 43 646 12
158 24 9 15
212 4 449 44
343 32 358 11
783 52 10 33
349 14 744 25
617 31 233 36
613 30 12 42
66 34 285 24
586 38 127 21
38 51 465 36
195 43 563 32
315 43 195 3
232 9 542 25
435 7 157 9
153 47 395 26
825 36 603 29
325 15 484 20
404 37 265 14
117 37 677 2
409 32 4 28
604 9 275 5
291 42 140 25
269 46 622 43
668 21 861 28
274 20 400 33
321 18 630 16
441 17 403 10
723 46 436 23
282 5 242 47
1 5 510 42
311 29 413 23
789 31 388 46
514 14 369 7
584 48 692 39
209 32 611 27
458 7 739 16
262 14 626 43
658 2 53 7
671 3 124 5
508 48 723 21
387 1 27 21
575 6 273 32
18 6 636 12
856 20 850 43
723 15 69 20
709 16 504 40
646 51 111 17
520 33 688 42
731 51 630 24
762 11 99 39
274 34 619 40
31 4 719 53
330 25 655 34
611 38 478 48
347 7 408 48
82 41 63 31
578 33 427 30
766 39 110 17
76 27 622 14
803 36 189 8
351 22 623 5
46 17 157 30
211 41 53 1
373 27 6 25
842 8 594 27
70 43 322 27
458 39 108 45
5 51 7 28
216 26 176 47
492 24 352 5
246 13 501 9
839 1 338 7
400 34 820 32
358 50 502 32
429 5 592 8
536 39 2 27
790 48 661 40
257 1 684 52
308 49 20 23
44 32 228 39
783 20 374 29
290 12 824 15
729 14 74 21
390 43 58 29
821 27 103 46
184 21 576 42
369 1 767 44
723 34 861 11
291 29 496 4
777 41 338 43
275 23 779 16
601 50 778 41
439 1 242 7
148 50 797 53
99 1 371 14
865 7 614 16
604 42 698 27
215 15 564 38
793 43 196 3
358 7 714 53
199 7 732 30
658 20 462 39
547 9 640 7
722 37 631 49
608 34 405 40
797 12 563 4
659 19 665 27
279 35 346 14
211 49 129 36
