705 352 370
372 54 187 250
390 12 445 294
85 179 575 254
336 233 554 290
456 60 126 333
457 194 216 222
451 163 357 345
152 202 103 23
194 297 652 248
231 279 262 75
561 234 334 10
165 216 184 201
217 351 198 56
469 179 68 234
650 219 380 330
373 145 628 71
494 207 357 88
317 198 354 123
25 119 235 54
477 135 661 218
257 228 165 220
574 86 365 351
394 194 576 250
130 132 300 40
624 336 256 201
506 238 594 183
630 79 587 261
34 216 168 336
52 59 359 304
325 335 401 145
525 108 194 144
295 321 70 71
133 8 671 282
52 180 143 323
502 93 425 22
558 325 375 39
133 342 650 193
384 280 146 201
343 309 705 126
305 79 240 37
27 58 63 288
506 92 146 66
558 305 339 31
507 22 631 79
249 222 181 131
524 171 607 2
183 174 457 240
533 199 119 227
485 211 638 287
511 193 38 39
217 138 459 191
485 318 699 191
680 130 606 67
519 24 484 261
23 42 94 156
7 292 337 250
119 305 164 135
576 120 556 286
614 217 575 99
26 27 75 170
3 291 450 157
47 34 429 319
171 310 411 125
413 118 149 193
486 214 275 337
696 134 52 85
268 4 263 142
527 222 304 1
429 103 10 33
148 287 84 170
198 329 495 208
686 286 694 258
310 203 72 152
439 86 367 213
229 289 220 313
606 268 286 351
330 273 410 274
483 232 487 342
402 183 644 265
669 347 266 215
684 275 156 166
160 164 676 138
553 183 80 84
440 250 267 330
267 322 146 179
590 126 68 224
533 6 44 186
268 336 382 3
87 245 56 333
237 204 372 265
294 211 77 91
680 239 480 205
70 238 257 251
298 100 133 102
373 165 364 171
7 218 612 178
589 111 624 213
275 121 688 108
370 236 100 254
574 217 245 7
65 254 25 19
606 179 123 18
47 298 459 271
57 286 533 59
471 135 622 346
145 322 93 251
296 46 313 212
433 26 350 57
160 150 531 1
426 334 526 315
164 74 564 195
96 136 436 274
150 237 47 70
680 277 10 184
426 70 357 188
649 10 357 8
443 162 504 65
26 163 67 224
429 156 239 331
206 205 648 118
6 223 671 144
193 103 314 279
49 235 103 101
229 148 47 21
511 43 106 203
376 27 272 307
25 336 644 77
267 249 179 300
598 334 571 78
221 275 151 109
168 142 442 130
91 350 555 283
131 70 211 348
523 85 561 236
120 40 361 62
487 106 409 108
446 335 503 98
311 322 361 252
276 106 463 163
199 47 14 334
653 45 325 148
505 171 585 293
274 225 443 233
493 109 378 71
677 106 379 36
625 2 252 187
460 306 59 334
160 320 361 253
646 84 562 179
472 5 111 290
446 319 661 154
211 206 52 117
233 199 181 266
354 185 257 65
37 308 589 162
605 54 533 39
399 267 548 254
273 330 639 244
254 236 212 246
260 180 670 156
621 117 345 294
522 50 221 99
144 327 496 3
674 42 66 312
648 197 363 281
258 164 600 346
248 189 190 140
45 261 620 240
65 15 437 332
143 202 564 119
685 250 324 178
480 126 354 119
623 37 251 142
239 40 141 157
693 266 100 218
477 332 417 322
558 57 647 311
534 250 41 139
434 153 46 144
481 121 0 330
254 10 551 306
86 321 204 66
504 329 64 323
135 158 50 4
659 138 197 243
554 340 330 33
460 165 245 70
54 193 115 187
71 261 432 17
491 115 170 156
626 154 196 152
458 325 156 66
663 110 339 186
8 192 81 167
603 15 671 107
124 95 591 52
414 115 38 78
446 162 505 309
19 234 54 76
688 317 196 5
625 17 428 13
555 199 619 188
423 220 353 220
137 103 234 206
63 309 435 81
337 303 34 277
362 71 641 181
457 35 590 150
234 222 433 10
284 32 102 13
354 108 665 3
504 94 118 165
465 216 209 217
134 191 191 224
227 61 174 318
600 168 159 38
494 18 519 147
165 232 572 168
272 267 625 190
609 329 630 105
519 325 352 234
52 146 495 144
398 177 167 64
179 214 684 157
51 330 682 145
320 198 408 287
283 165 259 265
695 162 54 230
2 339 217 225
534 67 451 286
378 50 601 58
658 115 180 282
78 325 204 70
617 25 637 341
131 123 237 227
378 347 350 171
682 65 460 238
70 19 357 129
315 95 104 192
525 255 158 307
139 276 471 203
80 13 227 172
259 271 665 98
222 125 142 21
546 234 581 85
242 256 136 238
155 242 143 328
488 267 609 189
392 212 71 225
649 268 117 153
114 187 499 123
47 327 94 202
366 351 164 275
115 295 227 151
173 138 67 215
491 110 264 329
624 96 61 212
193 308 691 288
265 159 341 166
445 226 295 298
566 288 249 94
600 279 606 239
329 211 550 148
548 232 474 54
236 198 279 116
539 19 90 146
345 234 680 47
340 109 534 35
672 205 34 39
648 291 150 318
429 162 413 62
589 184 305 290
635 26 327 252
427 54 254 103
144 132 196 1
685 255 575 2
371 293 321 132
454 61 142 58
92 75 613 175
203 260 410 326
336 134 664 269
670 180 126 300
378 298 601 37
178 196 223 136
35 239 543 291
598 85 452 311
532 161 437 154
639 236 41 74
87 11 283 141
267 246 501 144
186 339 614 293
165 189 171 81
394 8 333 53
95 312 45 271
407 139 407 33
167 162 152 122
681 229 420 310
237 26 530 83
27 68 358 163
457 155 365 114
447 175 676 115
656 119 684 89
363 222 286 56
536 80 542 250
684 194 457 134
39 28 41 310
66 104 596 39
334 246 391 348
208 215 292 327
575 239 654 29
97 141 552 177
7 154 321 79
190 142 288 175
286 191 440 245
358 110 514 95
333 136 533 204
702 18 373 304
174 263 694 43
417 141 654 119
531 254 610 66
626 342 274 343
622 75 2 321
682 266 130 274
665 252 134 338
663 55 70 321
35 200 61 54
425 107 122 110
365 182 416 144
562 7 565 155
555 238 56 69
313 184 70 233
206 281 531 179
108 98 448 290
147 347 484 167
253 141 36 4
501 336 164 215
189 191 66 80
481 149 198 288
555 270 619 108
260 195 182 145
341 168 684 152
146 298 311 73
577 3 340 206
105 342 364 173
476 298 490 347
388 19 630 71
49 218 679 128
703 121 108 221
414 118 268 158
602 336 506 144
130 348 459 113
140 220 688 246
190 106 200 316
563 208 486 29
188 105 295 161
537 61 153 13
525 282 87 267
224 64 282 141
177 159 299 22
59 182 444 177
485 177 453 164
703 24 391 332
432 241 99 92
36 5 436 332
555 140 157 208
634 116 236 15
137 70 398 341
310 135 35 213
322 264 281 32
253 31 344 83
