805 773 295
306 191 717 754
236 295 600 280
553 51 454 251
9 628 639 44
414 631 404 424
56 676 224 272
553 465 752 140
720 374 352 293
652 323 757 162
581 571 152 346
743 96 769 765
9 169 81 429
699 115 592 400
773 230 117 729
600 379 502 28
106 285 170 266
21 204 270 178
677 51 751 272
242 412 41 640
160 88 254 673
532 388 155 308
252 312 61 580
805 697 676 681
493 448 51 740
555 254 301 1
773 50 758 289
233 464 776 66
97 207 277 207
767 597 187 449
404 238 402 560
150 772 147 246
418 549 435 134
508 40 227 466
274 352 697 220
25 259 339 326
380 309 100 82
544 236 720 580
5 582 588 301
124 657 435 312
396 422 457 731
268 432 371 329
205 525 129 61
131 197 231 244
374 258 796 180
588 473 330 431
176 154 554 638
251 433 522 269
761 37 100 224
237 3 73 75
609 156 306 575
261 675 198 113
512 202 140 674
228 612 24 414
335 206 576 137
108 291 372 527
175 727 404 6
772 519 399 535
467 678 491 182
276 145 25 96
751 661 442 588
329 308 518 766
195 56 686 761
77 213 550 118
767 115 80 299
123 181 162 404
580 299 231 256
359 70 788 720
413 715 527 138
45 396 728 564
481 411 635 415
672 539 135 377
617 119 210 574
803 390 264 607
183 159 635 216
264 652 183 573
544 51 133 94
412 35 467 445
590 713 253 413
508 712 494 150
245 416 399 159
109 608 422 163
189 333 122 75
17 91 734 707
205 472 665 234
152 64 158 757
354 13 489 42
210 81 650 459
442 370 196 517
539 23 173 592
460 127 724 314
661 586 611 521
722 139 134 183
164 360 517 359
547 320 649 583
303 680 702 671
97 339 552 249
772 146 276 287
251 508 246 498
241 27 199 689
485 279 263 623
148 550 101 695
185 217 141 100
748 555 386 266
8 628 494 58
164 364 122 448
509 561 520 90
73 214 357 579
659 19 275 194
722 331 317 109
362 492 47 643
291 166 491 743
511 710 726 53
779 462 721 692
493 334 257 258
531 341 36 556
287 633 170 257
86 136 161 580
335 156 260 344
338 451 344 474
55 222 457 184
77 206 588 502
446 293 107 44
488 699 778 92
166 168 640 353
208 667 19 757
522 722 398 572
727 723 378 240
199 521 143 59
503 307 559 132
336 658 649 172
490 706 212 376
609 179 720 267
500 352 366 608
147 525 711 322
664 528 428 221
61 283 345 733
605 595 542 710
374 188 330 341
565 435 804 228
668 609 125 371
654 715 577 274
682 287 58 663
296 748 513 186
355 489 418 60
291 604 288 276
186 38 479 477
331 47 632 13
518 518 491 551
707 615 366 298
647 393 664 758
261 683 752 593
386 237 288 617
328 120 707 77
214 76 551 530
585 124 87 104
151 468 364 466
420 655 621 438
497 602 743 513
69 437 310 127
161 577 180 655
77 752 158 512
623 572 182 729
337 404 791 288
95 271 227 753
50 380 484 718
657 329 748 381
627 55 715 466
505 692 466 113
569 505 777 453
463 461 161 276
214 46 544 100
566 148 159 602
613 716 769 544
779 547 539 537
775 343 361 13
701 315 322 440
21 128 582 664
296 510 792 188
182 48 34 212
220 742 576 138
368 509 658 134
793 676 498 666
688 618 390 402
479 247 479 227
345 122 131 368
351 25 151 552
183 616 436 598
384 747 715 297
467 225 703 141
17 205 435 759
541 141 285 748
172 691 536 464
630 148 707 738
386 161 631 245
559 717 785 593
451 429 192 702
546 489 596 421
562 478 570 615
11 386 287 103
200 402 322 466
8 367 410 227
235 705 680 104
419 56 580 486
573 421 409 261
313 513 451 89
272 124 420 713
625 639 339 734
575 709 312 682
519 333 508 428
313 428 113 169
745 588 680 464
637 641 495 316
645 442 166 649
746 288 11 550
138 477 50 147
56 86 137 288
154 450 760 113
231 223 222 159
199 282 262 296
496 657 171 662
235 660 101 702
627 742 722 522
704 43 724 720
304 482 298 159
761 187 497 523
27 99 133 476
47 441 174 718
182 101 802 675
615 268 513 507
552 443 139 280
109 70 327 175
150 385 439 724
529 648 705 584
726 609 398 717
311 186 347 73
684 163 719 658
595 88 347 565
613 490 504 669
386 22 74 689
710 313 40 324
201 26 160 696
144 114 349 211
232 198 412 409
744 18 501 332
783 700 96 177
172 339 707 141
562 575 95 701
526 10 508 87
339 118 149 92
391 582 143 687
613 284 720 743
765 456 257 515
317 709 610 381
666 353 732 406
793 104 220 47
744 351 255 23
68 300 14 77
424 144 727 140
271 132 319 327
114 598 790 488
694 423 397 273
718 234 435 571
410 526 746 242
72 529 424 322
214 122 400 310
195 641 28 41
741 318 417 535
429 286 423 641
715 81 230 669
511 390 783 286
565 619 755 264
563 282 174 319
200 115 473 669
675 700 397 352
671 574 282 447
740 5 355 198
801 696 435 163
660 143 233 663
616 105 484 52
797 697 745 501
324 313 353 55
440 173 711 549
696 668 369 127
46 44 71 401
733 430 267 28
54 157 418 50
391 205 635 441
412 10 767 458
318 400 512 357
226 121 709 756
604 358 400 7
432 344 716 764
575 736 746 61
127 284 304 531
562 569 413 358
