100
79.49
80.49
80.99
81.49
81.99
82.49
82.99
83.49
83.99
84.49
84.99
85.49
85.99
86.49
86.99
87.49
87.99
88.49
88.99
89.49
89.99
90.49
90.99
91.49
91.99
92.49
92.99
93.49
93.99
94.49
94.99
95.49
95.99
96.49
96.99
97.49
97.99
98.49
98.99
99.49
99.99
100.49
100.99
101.49
101.99
102.49
102.99
103.49
103.99
79.99
104.49
80.00
104.99
80.50
105.49
81.00
105.99
81.50
106.49
82.00
106.99
82.50
107.49
83.00
107.99
83.50
108.49
84.00
108.99
84.50
109.49
85.00
109.99
85.50
110.49
86.00
110.99
86.50
111.49
87.00
111.99
87.50
112.49
88.00
112.99
88.50
113.49
89.00
113.99
89.50
114.49
90.00
114.99
90.50
115.49
91.00
115.99
91.50
116.49
92.00
