100
59.95
59.85
59.75
59.65
59.55
59.45
59.35
59.25
59.15
59.05
58.95
58.85
58.75
58.65
58.55
58.45
58.35
58.25
58.15
58.05
57.95
57.85
57.75
57.65
57.55
57.45
57.35
57.25
57.15
57.05
56.95
56.85
56.75
56.65
56.55
56.45
56.35
56.25
56.15
56.05
55.95
55.85
55.75
55.65
55.55
55.45
55.35
55.25
55.15
55.05
54.95
54.85
54.75
54.65
54.55
54.45
54.35
54.25
54.15
54.05
53.95
53.85
53.75
53.65
53.55
53.45
53.35
53.25
53.15
53.05
52.95
52.85
52.75
52.65
52.55
52.45
52.35
52.25
52.15
52.05
51.95
51.85
51.75
51.65
51.55
51.45
51.35
51.25
51.15
51.05
50.95
50.85
50.75
50.65
50.55
50.45
50.35
50.25
50.15
50.05
