100
10.05
10.10
10.15
10.20
10.25
10.30
10.35
10.40
10.45
10.50
10.55
10.60
10.65
10.70
10.75
10.80
10.85
10.90
10.95
11.00
11.05
11.10
11.15
11.20
11.25
11.30
11.35
11.40
11.45
11.50
11.55
11.60
11.65
11.70
11.75
11.80
11.85
11.90
11.95
12.00
12.05
12.10
12.15
12.20
12.25
12.30
12.35
12.40
12.45
12.50
12.55
12.60
12.65
12.70
12.75
12.80
12.85
12.90
12.95
13.00
13.05
13.10
13.15
13.20
13.25
13.30
13.35
13.40
13.45
13.50
13.55
13.60
13.65
13.70
13.75
13.80
13.85
13.90
13.95
14.00
14.05
14.10
14.15
14.20
14.25
14.30
14.35
14.40
14.45
14.50
14.55
14.60
14.65
14.70
14.75
14.80
14.85
14.90
14.95
15.00
