8 150
100 100
400 100
240 100
300 100
240 60.0
240 30.0
300 130
300 160
200 150
5 5
992 801
250.4359 93.15221
465.9395 619.1969
653.9711 349.495
354.4807 756.3144
104.95 516.3946
33.26453 202.4312
320.9487 792.8547
678.2555 526.2908
284.0537 494.8157
700.0963 563.6301
942.4313 79.33723
163.8154 309.049
792.5744 139.8959
788.4644 249.5537
817.329 710.6298
554.0704 575.5203
695.205 15.83706
983.9817 646.8161
852.58 54.75265
512.7067 423.1056
274.2784 796.0619
687.1201 312.7459
433.6876 542.6228
673.5757 381.4082
246.34 286.3734
524.4114 139.8641
347.0822 555.5892
395.0062 128.603
965.9989 393.4892
635.692 42.29699
124.263 175.9783
90.03325 253.2746
546.5998 248.9706
989.9185 702.1539
790.7944 180.2998
104.6403 147.4787
428.3949 765.9617
402.0544 621.3362
940.3179 102.5436
490.6884 260.4435
66.89427 378.7573
360.5341 312.9525
370.3343 11.05029
615.4312 670.9304
850.3307 620.8684
92.69189 25.96824
879.7379 184.8718
866.614 384.1408
301.5562 102.4552
130.0255 300.2252
473.8088 298.483
72.58447 138.4052
264.308 354.5721
748.2071 144.7339
140.6162 682.4869
988.0187 258.1997
976.3521 523.4265
848.4705 561.6254
934.5138 435.7414
684.0801 133.3909
24.10506 22.86247
134.6711 64.39007
293.9285 166.5895
86.94034 742.0773
472.6697 661.864
987.9236 101.4748
905.3458 48.13536
319.2612 166.2311
87.51315 547.0121
633.0296 194.2352
34.98087 457.2627
243.6799 181.4517
618.645 483.5425
183.3257 471.0897
678.9843 254.6961
349.7991 430.78
177.3773 796.1157
868.4873 52.53837
356.5116 663.3076
697.5933 253.5083
849.1262 701.3143
471.0266 235.9465
734.4769 642.1104
380.9264 593.4071
790.9037 409.9364
81.68508 274.3958
386.119 716.3425
48.65984 581.7536
953.683 690.6319
305.2938 699.6257
641.1526 331.6228
437.6396 428.6604
345.191 305.3347
873.1083 263.331
328.4312 550.384
817.4677 209.238
971.4744 262.9877
382.516 128.8648
99.75644 762.5451
222.4422 356.4098
237.9255 13.67923
151.8269 228.6771
942.2839 124.6354
102.2622 398.8567
520.9744 664.9399
663.9853 359.1516
435.7551 753.1827
938.171 292.9769
411.1641 93.43494
681.6331 658.6073
359.5629 54.37877
509.513 712.3462
625.389 12.55279
378.8348 389.3975
648.8588 166.6373
617.9719 215.2957
297.3921 270.6795
230.5731 481.4386
375.0335 146.2068
583.9866 266.3858
729.2704 124.5066
652.9065 751.3091
714.831 129.2369
11.14683 101.1631
893.7838 135.516
34.56639 544.8357
487.2503 335.2435
648.199 74.03482
764.8354 53.55857
519.9528 75.88766
119.5277 36.72781
179.4335 374.824
818.1584 142.1015
640.3168 491.9083
136.5038 261.5559
677.5754 191.3582
522.6683 289.3082
91.16977 171.4428
405.3207 461.5727
8.21826 210.3288
579.8498 393.746
175.8557 755.5165
770.5058 706.5662
678.2302 117.8863
822.9246 254.8676
652.1365 401.0559
214.5776 557.3849
965.7487 157.7024
117.2273 440.366
510.7307 319.049
979.7336 465.2342
481.2578 638.4867
156.7009 109.6191
328.3156 357.287
677.279 161.2226
884.9674 44.20427
89.67889 688.0359
456.4911 552.9319
292.7074 706.283
396.4932 611.8069
922.5117 794.1694
492.1919 297.5539
575.9382 26.43542
147.9503 318.1096
458.8999 500.5126
952.6108 489.5465
271.8639 8.373111
10.76771 305.3058
783.9018 517.7493
551.5912 195.6626
421.8559 487.7012
411.4106 286.9851
238.4384 231.8968
893.636 190.2266
153.3388 602.057
463.8933 797.9379
88.47539 96.54054
219.5534 105.909
978.7721 748.6393
209.1861 377.0326
731.8083 219.1673
93.00051 384.7457
585.0664 365.7474
678.6403 732.7257
95.65391 603.9838
528.836 690.4919
937.8962 778.7516
612.1683 634.3021
159.8018 761.7173
314.3414 185.8366
471.072 172.1763
912.7071 714.111
162.8107 532.2631
654.0114 498.1779
37.22585 795.6713
515.5247 749.018
761.5809 628.5171
599.7004 789.9453
200 150
5 5
992 801
471.7737 40.7644
455.951 726.2026
175.1354 141.7215
828.8003 769.7222
395.7948 48.91818
197.0907 158.0866
677.9778 721.4771
484.9978 654.0104
967.281 461.781
844.8948 701.8422
772.8907 483.6326
582.5513 753.2921
249.8547 284.2386
716.1685 215.3992
145.3876 703.4832
228.963 166.8181
942.4374 619.5396
83.56028 506.1088
223.5769 542.4415
684.1017 543.4398
397.273 742.2283
196.4512 467.8427
131.3642 459.5789
775.1832 268.749
85.82227 40.93133
335.2878 745.5189
753.008 489.6274
585.7773 619.2465
137.4397 269.8306
171.5426 240.7751
283.1879 729.3445
253.7429 460.0317
732.0628 794.2908
860.6115 448.7669
50.11469 451.3777
744.7199 527.0437
396.3325 16.30591
150.2536 123.8388
913.9047 625.3195
910.3925 68.05744
91.86093 675.6274
108.5395 714.2285
786.6865 690.5718
412.3591 667.1356
53.73489 19.66851
53.84752 375.5916
149.4463 411.1501
309.4902 278.0811
67.59473 125.3245
396.2972 161.8791
853.1938 747.3441
349.1716 9.47286
113.5328 100.5046
889.6808 408.7171
152.0957 301.4362
835.0902 405.0347
984.7583 142.5498
482.3556 716.7374
880.1415 781.8087
760.5621 151.8125
151.1267 735.4369
566.5544 746.0119
353.4634 645.0637
89.75938 617.6929
221.9943 128.7079
492.3727 84.03008
775.8749 539.9133
957.3937 725.8116
180.098 440.36
471.7567 779.9439
31.25024 334.8292
455.4653 74.673
385.6342 173.7626
53.39542 754.6181
326.8962 756.5601
435.9917 147.5181
253.8485 777.2819
157.1255 279.5667
287.8066 61.76183
123.1552 221.8539
945.5605 266.2718
400.1459 631.7578
197.3287 79.43575
221.6464 198.0373
236.7858 744.8721
229.1769 22.52479
892.8398 752.201
348.1815 799.6841
384.0742 140.9819
667.4749 226.3844
823.4954 442.4984
419.4171 796.8088
746.6447 273.9385
390.3622 89.45197
426.6694 164.578
25.33098 560.8986
18.82581 537.5354
886.0623 237.5397
984.6107 646.9929
712.7198 335.0632
716.6544 289.8241
74.75079 176.4858
989.2674 234.395
683.3076 760.3084
497.4686 682.1805
128.1465 476.9296
669.8795 183.9131
537.0419 101.3432
867.3499 165.1303
917.666 545.2351
109.3061 78.17764
181 693.2828
826.7562 202.3788
874.5053 54.39679
917.0523 431.6389
341.2029 86.3936
201.8177 134.9697
615.4581 616.1275
316.3269 649.6933
851.4501 479.4217
814.2014 373.9361
482.8176 697.1226
291.9679 258.5611
185.1322 478.8668
765.5446 591.2955
107.2524 57.7967
22.91364 702.9369
707.6638 491.8181
301.791 765.2736
698.0521 97.6937
6.735854 611.081
137.6938 646.488
575.4319 48.43328
247.043 22.58122
912.7917 660.5407
703.5804 691.7042
244.0236 110.9337
148.2423 536.2827
585.2295 10.50681
255.2746 339.9589
887.207 564.9145
799.7257 766.1145
861.4614 426.3541
186.7092 304.7858
125.2926 291.5535
189.8678 277.4603
489.912 627.1353
38.19805 200.924
515.3262 704.3949
408.3551 638.298
287.0503 696.4662
220.1833 376.3459
936.2561 155.3959
506.1407 127.7639
343.2901 581.8561
189.3937 574.8497
832.0906 437.334
697.545 281.8406
220.8957 238.565
965.6301 180.8463
646.9677 577.5729
897.006 17.09117
295.9107 12.63575
666.6934 800.2564
906.1902 575.8129
161.536 526.6682
828.6964 273.3101
63.54217 796.22
692.2222 780.2361
179.6696 53.45899
123.6468 312.1606
228.943 206.1709
250.0342 740.9771
536.5157 632.5892
252.2151 265.7345
797.3948 101.2228
384.5364 41.85851
69.49025 247.5497
917.6994 398.8064
27.73942 745.1527
832.3229 191.1559
767.135 530.6248
165.0221 557.3129
458.8687 41.70899
90.47592 93.57515
459.5151 698.7591
586.7174 109.0098
132.8741 357.7726
321.3734 739.0568
328.7425 604.8099
314.269 746.7235
558.7172 707.1422
760.4396 260.2224
487.9748 161.0853
709.0283 535.7997
415.1808 118.4291
648.5663 124.8233
877.6806 194.0175
0 0
