8 9 5
0 2 1
0 3 10
2 4 5
2 6 7
6 7 7
7 1 7
3 5 10
5 4 10
4 1 1
8 9 2
0 2 1
0 3 1
0 4 3
2 5 2
3 6 2
4 7 3
5 1 3
6 1 1
7 1 3
8 9 5
0 2 1
0 3 10
2 4 5
2 6 7
6 7 7
7 1 7
3 5 10
5 4 10
4 1 1
1000 1690 2
3 751 1
4 640 3
6 251 1
8 788 2
15 639 2
17 109 1
18 487 3
20 242 5
21 663 2
22 53 3
24 13 2
26 710 4
27 548 3
29 778 3
30 949 3
31 243 3
32 588 1
36 258 3
42 45 5
43 371 4
44 680 2
48 192 3
49 604 3
50 951 2
51 371 2
53 371 1
55 601 5
56 211 4
62 12 5
65 211 1
66 627 1
68 242 2
69 768 1
70 127 3
75 35 3
76 999 4
77 642 4
78 176 2
80 917 4
81 242 1
86 94 1
87 773 2
89 242 1
91 902 3
92 902 2
94 796 3
96 247 3
97 640 5
99 612 1
100 918 3
102 524 3
104 867 4
107 752 1
108 497 1
109 462 1
112 695 3
113 434 3
117 725 5
120 573 4
123 14 3
126 749 2
127 844 4
136 105 4
138 719 3
140 162 1
145 271 1
146 405 2
147 319 2
149 227 1
150 308 1
151 898 4
156 773 5
161 910 5
162 148 3
164 866 3
165 24 4
166 809 4
171 823 2
172 123 2
173 723 3
174 868 4
180 794 1
184 320 1
186 350 1
187 645 3
188 638 1
191 788 1
193 760 2
195 308 4
198 808 2
199 318 4
203 990 1
205 124 5
209 124 5
211 778 1
212 758 1
213 418 3
214 123 2
215 601 4
216 695 5
223 945 2
227 92 4
228 574 2
230 410 1
231 900 3
232 102 3
234 525 2
235 122 2
236 9 3
239 409 1
241 345 3
245 637 4
248 530 5
251 517 1
253 643 1
255 601 2
256 291 4
257 287 2
258 22 3
259 403 2
260 515 1
261 964 4
264 631 5
268 826 5
270 719 3
271 645 2
272 614 1
273 689 4
275 626 4
278 829 2
279 758 3
288 626 1
289 659 1
290 92 3
295 823 3
297 531 2
298 500 5
299 671 4
300 686 3
301 580 5
307 186 4
308 749 1
309 181 4
312 683 5
314 561 5
318 515 4
322 184 3
323 761 2
325 483 1
326 665 5
329 27 5
331 111 1
332 584 3
333 618 1
334 26 2
341 710 3
342 691 5
345 516 4
346 922 4
349 912 2
352 342 4
353 740 3
354 930 1
356 689 4
359 876 5
362 187 4
363 861 3
364 867 4
365 446 5
366 47 2
368 86 4
369 400 4
372 776 2
373 480 1
382 728 3
388 504 1
390 599 2
392 109 2
396 352 1
398 684 1
400 501 1
401 406 3
402 610 1
409 639 3
411 15 5
415 345 1
416 618 1
417 504 1
419 961 1
422 344 3
424 695 1
426 509 4
427 917 1
428 48 3
429 6 3
432 65 3
435 772 4
436 583 1
438 758 5
439 783 3
443 424 3
445 909 3
446 516 4
448 29 2
450 553 5
451 493 3
453 91 5
454 904 1
456 452 2
459 644 2
462 211 3
464 960 1
466 204 3
470 737 3
471 673 4
473 773 1
474 689 3
477 805 5
478 785 1
479 389 1
482 106 3
483 994 3
489 157 4
495 483 5
496 655 3
498 855 4
504 342 4
505 729 1
506 838 2
511 562 2
513 508 3
517 773 2
518 910 3
521 619 2
522 622 5
525 246 4
526 353 4
529 796 3
534 499 1
535 681 2
536 156 1
537 84 4
539 333 5
540 765 3
544 287 1
546 944 3
551 691 5
552 102 1
554 169 5
555 593 2
558 761 4
559 384 1
560 204 4
561 237 2
562 371 1
564 364 4
565 867 2
567 894 4
572 737 5
574 204 3
578 176 2
579 407 4
580 551 5
582 273 2
583 283 3
584 532 5
585 692 2
587 860 3
588 466 3
590 660 3
591 141 5
598 622 4
599 265 4
601 994 4
602 681 3
609 91 2
613 845 5
616 599 4
617 118 5
620 493 2
621 12 1
624 723 3
626 371 1
627 201 1
628 101 1
629 536 1
633 65 1
634 681 2
635 196 3
636 105 3
640 85 1
641 215 5
642 601 4
646 757 4
650 347 5
651 868 2
652 701 5
653 125 2
656 116 2
657 642 5
661 952 3
662 820 5
663 215 1
665 776 2
666 681 1
668 753 3
672 154 4
676 778 2
677 80 3
682 562 1
683 135 3
687 757 4
689 516 1
692 364 2
700 15 4
702 311 1
703 905 5
706 22 3
708 147 1
710 642 1
713 616 3
714 43 4
720 670 3
722 740 4
726 861 3
729 274 3
731 860 4
733 889 2
735 294 5
739 434 5
744 912 2
745 208 4
746 619 3
747 638 5
750 236 1
755 335 5
756 723 4
757 204 2
760 958 4
761 864 2
762 719 3
763 408 2
764 622 5
765 805 2
766 727 4
769 962 1
775 490 1
776 751 5
778 106 3
779 55 3
781 56 1
784 227 3
788 187 4
789 130 5
792 291 3
793 832 2
794 9 1
796 106 2
797 16 1
800 381 4
801 55 2
802 309 4
804 181 1
805 516 1
808 55 5
809 573 4
811 564 5
814 615 1
815 251 2
818 382 1
819 261 5
823 814 5
826 58 1
828 796 1
829 595 1
835 399 5
842 226 2
844 186 5
845 609 4
848 39 1
849 476 2
851 543 1
853 854 5
854 867 5
856 700 1
862 462 2
863 901 3
865 125 2
866 553 2
868 902 1
869 246 3
870 13 2
871 781 3
872 523 1
879 958 5
881 488 1
883 994 2
884 62 3
885 562 4
888 331 1
889 529 5
890 5 1
891 852 4
893 447 1
896 351 5
897 612 4
899 480 2
905 861 2
906 283 1
909 990 5
910 691 4
915 711 2
918 572 3
919 751 2
920 949 1
921 265 5
922 888 5
923 998 3
925 671 4
926 12 4
929 500 1
930 785 3
931 127 5
932 210 3
933 259 1
934 364 3
936 794 3
937 354 2
940 215 4
944 462 1
945 949 2
946 518 3
948 456 3
953 958 4
955 547 3
956 287 1
959 364 5
961 106 4
964 257 5
965 287 3
966 56 2
968 782 3
969 23 1
970 853 1
972 848 4
973 16 1
975 564 3
976 311 4
979 978 3
981 154 1
982 728 1
983 438 4
991 236 4
992 20 3
993 782 5
996 614 1
997 311 4
999 847 1
0 2 2
2 1 1
0 3 3
0 4 4
5 1 5
0 7 5
7 1 3
0 8 2
9 1 5
0 10 4
10 1 5
0 11 2
11 1 1
12 1 4
13 1 1
14 1 1
16 1 4
0 17 3
0 18 1
0 19 4
19 1 2
0 21 1
23 1 2
0 25 5
25 1 5
0 28 3
28 1 3
0 30 3
0 31 1
0 32 2
0 33 2
33 1 2
0 34 4
34 1 2
35 1 2
0 36 5
0 37 5
37 1 1
0 38 4
38 1 2
39 1 1
0 40 2
40 1 3
0 41 3
41 1 5
0 42 2
0 44 1
45 1 1
0 46 1
46 1 4
47 1 3
0 49 1
0 50 1
0 51 1
0 52 4
52 1 1
0 54 5
54 1 4
0 57 5
57 1 3
58 1 2
0 59 5
59 1 1
0 60 4
60 1 3
0 61 3
61 1 3
0 63 4
63 1 3
0 64 2
64 1 1
0 66 4
0 67 4
67 1 4
0 68 4
0 69 1
0 70 4
0 71 4
71 1 5
0 72 3
72 1 3
0 73 2
73 1 2
0 74 3
74 1 5
0 75 1
0 76 1
0 77 4
0 78 4
0 79 1
79 1 1
0 81 2
0 82 2
82 1 2
0 83 5
83 1 1
84 1 1
85 1 4
0 87 1
0 88 2
88 1 5
0 89 2
0 90 4
90 1 4
0 93 3
93 1 5
0 95 3
95 1 2
0 96 3
0 97 4
0 98 3
98 1 1
0 99 4
0 100 2
101 1 5
0 103 1
103 1 3
0 104 4
105 1 4
106 1 2
0 107 3
0 108 5
0 110 1
110 1 3
111 1 2
0 112 5
0 113 3
0 114 2
114 1 5
0 115 3
115 1 5
116 1 5
0 117 4
118 1 3
0 119 4
119 1 1
0 120 4
0 121 3
121 1 5
122 1 1
124 1 4
125 1 5
0 126 1
0 128 5
128 1 3
0 129 5
129 1 4
130 1 5
0 131 2
131 1 5
0 132 3
132 1 3
0 133 1
133 1 5
0 134 5
134 1 1
135 1 2
0 136 1
0 137 3
137 1 4
0 138 3
0 139 1
139 1 3
0 140 5
141 1 5
0 142 4
142 1 3
0 143 1
143 1 4
0 144 5
144 1 2
0 145 5
0 146 4
148 1 4
0 149 3
0 150 3
0 151 4
0 152 1
152 1 5
0 153 2
153 1 2
154 1 3
0 155 5
155 1 5
157 1 1
0 158 2
158 1 4
0 159 5
159 1 3
0 160 4
160 1 4
0 161 3
0 163 1
163 1 2
0 164 4
0 165 4
0 166 2
0 167 1
167 1 1
0 168 5
168 1 3
169 1 3
0 170 2
170 1 3
0 171 3
0 172 3
0 173 4
0 174 3
0 175 2
175 1 2
176 1 2
0 177 1
177 1 2
0 178 1
178 1 3
0 179 5
179 1 1
0 180 3
181 1 5
0 182 3
182 1 5
0 183 4
183 1 3
0 185 1
185 1 1
0 188 5
0 189 5
189 1 3
0 190 5
190 1 4
0 191 2
192 1 4
0 193 1
0 194 5
194 1 5
0 195 4
196 1 1
0 197 3
197 1 2
0 198 3
0 199 4
0 200 2
200 1 3
201 1 2
0 202 2
202 1 4
0 203 2
204 1 5
0 205 4
0 206 4
206 1 4
0 207 5
207 1 2
208 1 3
0 209 1
210 1 5
0 212 5
0 213 2
0 214 2
0 216 4
0 217 4
217 1 1
0 218 3
218 1 4
0 219 1
219 1 4
0 220 1
220 1 2
0 221 2
221 1 4
0 222 4
222 1 3
0 223 2
0 224 2
224 1 5
0 225 3
225 1 1
226 1 2
0 228 4
0 229 3
229 1 4
0 230 5
0 231 4
0 232 1
0 233 1
233 1 2
0 234 2
0 235 3
237 1 5
0 238 5
238 1 5
0 239 5
0 240 2
240 1 3
0 241 5
242 1 3
243 1 4
0 244 5
244 1 1
0 245 4
246 1 4
247 1 5
0 248 4
0 249 1
249 1 5
0 250 1
250 1 4
0 252 5
252 1 4
0 253 3
0 254 4
254 1 3
0 255 4
0 256 4
0 260 1
0 262 4
262 1 3
0 263 2
263 1 3
0 264 4
265 1 2
0 266 3
266 1 3
0 267 2
267 1 5
0 268 5
0 269 1
269 1 4
0 270 2
0 272 3
274 1 4
0 275 2
0 276 2
276 1 5
0 277 5
277 1 4
0 278 2
0 279 4
0 280 1
280 1 5
0 281 4
281 1 2
0 282 5
282 1 2
283 1 2
0 284 3
284 1 2
0 285 3
285 1 3
0 286 2
286 1 1
287 1 2
0 288 2
0 289 2
0 290 2
291 1 1
0 292 2
292 1 2
0 293 2
293 1 1
294 1 1
0 295 5
0 296 4
296 1 1
0 297 4
0 298 3
0 299 1
0 300 4
0 301 5
0 302 2
302 1 2
0 303 4
303 1 2
0 304 4
304 1 5
0 305 1
305 1 3
0 306 2
306 1 1
0 307 2
0 310 3
310 1 3
311 1 1
0 312 5
0 313 3
313 1 2
0 314 5
0 315 1
315 1 3
0 316 4
316 1 3
0 317 1
317 1 3
319 1 1
320 1 5
0 321 5
321 1 4
0 322 5
0 323 3
0 324 4
324 1 2
0 325 4
0 326 4
0 327 1
327 1 1
0 328 2
328 1 1
0 329 4
0 330 2
330 1 2
0 332 4
0 334 1
335 1 1
0 336 5
336 1 3
0 337 3
337 1 4
0 338 4
338 1 4
0 339 3
339 1 4
0 340 1
340 1 1
0 341 1
0 343 5
343 1 1
344 1 2
0 346 2
347 1 4
0 348 1
348 1 2
0 349 4
350 1 4
351 1 3
0 355 1
355 1 5
0 356 5
0 357 1
357 1 5
0 358 1
358 1 2
0 359 1
0 360 4
360 1 1
0 361 1
361 1 2
0 362 5
0 363 4
0 365 3
0 366 2
0 367 1
367 1 1
0 368 1
0 369 1
0 370 1
370 1 1
371 1 3
0 372 3
0 373 2
0 374 5
374 1 1
0 375 5
375 1 5
0 376 1
376 1 5
0 377 5
377 1 2
0 378 4
378 1 4
0 379 4
379 1 4
0 380 4
380 1 4
381 1 3
0 383 2
383 1 3
384 1 3
0 385 5
385 1 1
0 386 3
386 1 2
0 387 4
387 1 4
0 388 2
389 1 1
0 390 2
0 391 3
391 1 4
0 392 3
0 393 5
393 1 3
0 394 2
394 1 5
0 395 5
395 1 1
0 396 2
0 397 1
397 1 3
0 398 2
399 1 2
0 401 5
0 402 1
403 1 5
0 404 5
404 1 4
405 1 2
406 1 2
407 1 4
408 1 5
410 1 3
0 411 4
0 412 3
412 1 3
0 413 4
413 1 4
0 414 3
414 1 1
0 415 3
0 416 1
0 417 4
418 1 2
0 419 4
0 420 2
420 1 4
0 421 1
421 1 2
0 422 5
0 423 5
423 1 3
0 425 5
425 1 2
0 426 5
0 427 4
0 428 5
0 429 3
0 430 1
430 1 4
0 431 5
431 1 4
0 432 5
0 433 1
433 1 5
434 1 4
0 435 5
0 436 2
0 437 5
437 1 5
0 439 1
0 440 2
440 1 3
0 441 1
441 1 4
0 442 3
442 1 3
0 443 5
0 444 2
444 1 4
0 445 1
447 1 4
0 448 3
0 449 3
449 1 2
0 450 1
0 451 5
452 1 2
0 453 4
0 454 5
0 455 3
455 1 2
0 457 3
457 1 4
0 458 2
458 1 5
0 459 1
0 460 3
460 1 2
0 461 5
461 1 3
0 463 3
463 1 2
0 464 2
0 465 4
465 1 4
0 467 1
467 1 5
0 468 4
468 1 2
0 469 1
469 1 1
0 470 2
0 471 2
0 472 4
472 1 2
0 473 1
0 474 2
0 475 4
475 1 5
476 1 5
0 477 3
0 478 4
0 479 1
480 1 3
0 481 5
481 1 4
0 482 4
0 484 5
484 1 4
0 485 2
485 1 1
0 486 3
486 1 2
487 1 2
488 1 4
0 489 2
490 1 2
0 491 4
491 1 4
0 492 1
492 1 1
493 1 4
0 494 2
494 1 4
0 495 3
0 496 5
497 1 1
0 498 1
499 1 5
500 1 4
501 1 5
0 502 4
502 1 3
0 503 1
503 1 5
0 505 5
0 506 2
0 507 5
507 1 5
508 1 5
509 1 2
0 510 1
510 1 5
0 511 1
0 512 1
512 1 3
0 513 5
0 514 1
514 1 1
515 1 1
516 1 5
0 519 3
519 1 1
0 520 5
520 1 4
0 521 5
0 522 2
523 1 2
524 1 5
0 526 5
0 527 3
527 1 4
0 528 5
528 1 5
530 1 3
531 1 2
532 1 1
0 533 1
533 1 3
0 534 5
0 535 5
0 537 3
0 538 5
538 1 4
0 539 4
0 540 1
0 541 4
541 1 2
0 542 4
542 1 1
543 1 5
0 544 1
0 545 1
545 1 5
0 546 5
547 1 2
548 1 3
0 549 4
549 1 3
0 550 5
550 1 3
0 552 1
553 1 5
0 554 5
0 555 2
0 556 4
556 1 1
0 557 5
557 1 3
0 558 4
0 559 3
0 560 5
0 563 3
563 1 1
0 565 1
0 566 3
566 1 4
0 567 2
0 568 1
568 1 4
0 569 2
569 1 1
0 570 4
570 1 5
0 571 1
571 1 3
573 1 4
0 575 5
575 1 1
0 576 2
576 1 4
0 577 2
577 1 4
0 578 3
0 579 2
0 581 5
581 1 3
0 582 1
0 585 3
0 586 1
586 1 5
0 587 4
0 589 4
589 1 5
0 590 3
0 591 1
0 592 3
592 1 5
593 1 5
0 594 2
594 1 4
595 1 2
0 596 4
596 1 5
0 597 4
597 1 3
0 598 2
0 600 5
600 1 4
0 602 5
0 603 5
603 1 2
604 1 5
0 605 2
605 1 5
0 606 1
606 1 2
0 607 1
607 1 5
0 608 1
608 1 5
610 1 3
0 611 5
611 1 5
612 1 4
0 613 3
614 1 2
615 1 4
0 617 2
618 1 5
619 1 5
0 620 4
0 621 5
622 1 4
0 623 3
623 1 3
0 624 4
0 625 5
625 1 5
0 628 5
0 629 4
0 630 4
630 1 2
631 1 3
0 632 1
632 1 4
0 633 5
0 634 2
0 635 1
0 636 3
637 1 5
638 1 3
639 1 5
0 641 5
643 1 3
644 1 1
645 1 2
0 646 4
0 647 1
647 1 1
0 648 1
648 1 4
0 649 3
649 1 5
0 650 5
0 651 1
0 652 2
0 653 1
0 654 4
654 1 2
655 1 2
0 656 3
0 657 1
0 658 5
658 1 3
659 1 2
660 1 2
0 661 3
0 662 4
0 664 1
664 1 4
0 666 5
0 667 4
667 1 5
0 668 1
0 669 3
669 1 4
670 1 1
671 1 2
0 672 3
673 1 2
0 674 5
674 1 4
0 675 4
675 1 4
0 676 5
0 677 1
0 678 3
678 1 4
0 679 5
679 1 2
680 1 4
681 1 3
0 682 4
684 1 1
0 685 2
685 1 2
686 1 1
0 687 3
0 688 1
688 1 5
0 690 5
690 1 1
691 1 1
0 693 3
693 1 1
0 694 5
694 1 4
695 1 4
0 696 2
696 1 2
0 697 2
697 1 5
0 698 2
698 1 5
0 699 3
699 1 4
701 1 3
0 702 2
0 703 3
0 704 2
704 1 4
0 705 4
705 1 4
0 706 4
0 707 5
707 1 3
0 708 1
0 709 4
709 1 4
711 1 2
0 712 4
712 1 4
0 713 1
0 714 4
0 715 3
715 1 5
0 716 4
716 1 2
0 717 3
717 1 1
0 718 2
718 1 5
719 1 3
0 720 3
0 721 1
721 1 4
0 722 2
723 1 4
0 724 4
724 1 4
725 1 5
0 726 4
727 1 5
728 1 5
0 730 1
730 1 1
0 731 2
0 732 3
732 1 3
0 733 4
0 734 5
734 1 5
0 735 5
0 736 1
736 1 4
737 1 4
0 738 4
738 1 4
0 739 3
740 1 3
0 741 1
741 1 2
0 742 4
742 1 3
0 743 5
743 1 5
0 744 2
0 745 1
0 746 3
0 747 1
0 748 1
748 1 2
749 1 1
0 750 1
751 1 3
752 1 1
753 1 4
0 754 2
754 1 3
0 755 2
0 756 4
758 1 1
0 759 4
759 1 4
0 762 1
0 763 2
0 764 1
0 766 2
0 767 5
767 1 3
768 1 1
0 769 4
0 770 2
770 1 1
0 771 3
771 1 3
772 1 5
773 1 3
0 774 5
774 1 2
0 775 5
0 777 1
777 1 5
0 779 2
0 780 4
780 1 3
782 1 5
783 1 4
0 784 3
785 1 3
0 786 5
786 1 3
0 787 1
787 1 1
0 789 5
0 790 5
790 1 3
0 791 1
791 1 2
0 792 4
0 793 5
0 795 5
795 1 1
0 797 5
0 798 1
798 1 3
0 799 1
799 1 5
0 800 3
0 801 5
0 802 1
0 803 1
803 1 3
0 804 1
0 806 3
806 1 3
0 807 2
807 1 2
0 810 1
810 1 3
0 811 3
0 812 2
812 1 5
0 813 3
813 1 3
0 815 3
0 816 3
816 1 1
0 817 2
817 1 4
0 818 5
0 819 5
820 1 2
0 821 1
821 1 3
0 822 1
822 1 5
0 824 1
824 1 2
0 825 2
825 1 3
0 827 5
827 1 1
0 828 4
0 830 2
830 1 5
0 831 1
831 1 1
832 1 3
0 833 2
833 1 4
0 834 2
834 1 5
0 835 4
0 836 2
836 1 3
0 837 1
837 1 4
838 1 2
0 839 4
839 1 5
0 840 5
840 1 4
0 841 5
841 1 5
0 842 2
0 843 4
843 1 2
0 846 4
846 1 3
847 1 4
0 849 1
0 850 1
850 1 5
0 851 1
852 1 3
855 1 1
0 856 1
0 857 1
857 1 4
0 858 3
858 1 3
0 859 3
859 1 5
860 1 5
861 1 4
0 862 1
0 863 3
864 1 5
0 865 5
867 1 5
0 869 1
0 870 4
0 871 4
0 872 2
0 873 3
873 1 2
0 874 2
874 1 4
0 875 1
875 1 2
876 1 5
0 877 2
877 1 1
0 878 4
878 1 3
0 879 2
0 880 5
880 1 3
0 881 4
0 882 2
882 1 5
0 883 3
0 884 4
0 885 1
0 886 3
886 1 3
0 887 4
887 1 5
0 890 2
0 891 2
0 892 1
892 1 2
0 893 4
894 1 3
0 895 3
895 1 3
0 896 2
0 897 4
898 1 4
0 899 2
900 1 5
901 1 3
902 1 1
0 903 2
903 1 4
904 1 1
0 906 3
0 907 2
907 1 3
0 908 2
908 1 1
0 911 1
911 1 2
912 1 4
0 913 1
913 1 3
0 914 5
914 1 3
0 915 5
0 916 5
916 1 4
917 1 2
0 919 3
0 920 4
0 921 1
0 923 4
0 924 4
924 1 3
0 925 2
0 926 1
0 927 5
927 1 2
0 928 4
928 1 3
0 929 3
0 931 3
0 932 3
0 933 2
0 934 3
0 935 2
935 1 5
0 936 2
0 937 3
0 938 5
938 1 2
0 939 1
939 1 5
0 940 5
0 941 3
941 1 5
0 942 3
942 1 5
0 943 4
943 1 4
0 946 3
0 947 4
947 1 5
0 948 2
949 1 2
0 950 5
950 1 2
951 1 1
952 1 1
0 953 3
0 954 3
954 1 4
0 955 2
0 956 5
0 957 2
957 1 3
958 1 1
0 959 4
960 1 5
962 1 3
0 963 1
963 1 2
0 965 4
0 966 3
0 967 3
967 1 1
0 968 4
0 969 4
0 970 5
0 971 2
971 1 3
0 972 5
0 973 4
0 974 5
974 1 5
0 975 5
0 976 3
0 977 2
977 1 1
978 1 3
0 979 5
0 980 4
980 1 2
0 981 1
0 982 3
0 983 4
0 984 4
984 1 1
0 985 4
985 1 1
0 986 5
986 1 5
0 987 5
987 1 2
0 988 4
988 1 2
0 989 5
989 1 3
990 1 4
0 991 2
0 992 2
0 993 4
994 1 1
0 995 4
995 1 5
0 996 3
0 997 5
998 1 3
1000 1669 1
6 43 4
8 528 2
10 367 4
11 417 5
14 231 3
16 710 3
17 833 2
20 129 4
22 815 2
23 295 1
25 929 5
27 502 2
28 365 5
29 595 1
31 19 3
32 805 1
33 181 4
34 981 1
39 685 5
40 794 3
41 416 5
42 334 2
43 457 5
45 826 5
54 281 3
55 262 5
56 865 3
57 544 1
62 582 5
66 453 5
69 558 2
71 52 1
72 589 2
74 993 5
76 855 3
77 674 1
78 587 5
82 617 2
83 626 5
86 803 1
87 556 4
89 245 3
90 343 3
93 959 2
97 506 1
98 565 3
99 211 3
101 181 3
102 389 3
104 929 5
105 608 5
106 385 3
107 23 3
109 45 2
110 18 4
112 501 4
113 742 1
116 511 4
117 195 3
118 666 1
121 823 1
126 861 1
128 948 1
133 343 3
134 906 2
135 491 5
138 804 4
139 566 1
140 382 4
142 557 5
144 583 3
147 716 2
149 879 2
153 127 3
158 785 4
159 141 4
162 813 5
164 347 4
165 833 3
167 657 1
169 734 2
172 84 5
175 828 5
176 959 1
177 731 5
178 81 5
179 796 3
180 54 2
182 858 5
188 90 2
193 10 2
194 861 4
199 978 1
200 464 3
201 358 2
202 701 2
203 848 4
204 173 3
210 428 1
212 604 3
218 593 2
219 740 5
220 821 2
221 754 2
222 231 4
223 604 3
228 948 4
231 728 2
233 805 4
238 656 1
240 321 2
241 655 2
243 543 4
244 943 3
248 462 5
249 177 3
252 389 5
254 228 5
255 31 3
256 273 3
257 551 2
260 984 2
261 909 5
262 788 5
263 84 3
264 606 3
265 174 2
271 850 3
272 228 1
274 528 3
276 489 1
279 378 1
280 60 1
282 133 4
283 492 1
285 374 4
286 862 5
287 150 2
288 765 1
291 7 1
295 665 2
296 643 2
298 380 5
300 57 1
305 168 5
306 858 3
309 72 5
313 10 1
314 56 3
315 320 2
317 321 4
319 369 2
320 660 5
322 310 5
327 660 3
329 80 1
333 228 1
334 407 2
335 373 5
336 400 4
337 614 2
338 964 4
339 295 5
340 636 5
342 805 5
344 576 5
350 796 3
351 240 3
354 333 1
356 730 4
359 993 4
360 273 3
361 978 5
365 938 2
366 86 3
367 782 4
369 944 3
370 384 4
371 935 3
373 564 1
374 317 3
377 198 4
378 954 2
379 446 4
380 72 2
382 823 2
384 712 4
385 394 2
386 430 3
388 160 4
389 79 2
390 951 4
392 669 3
394 451 1
396 865 3
399 908 5
400 935 4
401 754 4
402 193 2
404 319 4
406 878 4
409 626 1
418 551 1
420 451 2
421 481 5
423 534 1
425 172 4
426 943 3
428 660 1
430 780 1
431 461 4
432 515 3
433 839 4
435 257 1
436 551 5
437 716 4
438 73 2
444 700 4
447 256 4
450 111 3
456 122 4
458 159 2
459 232 3
460 231 5
461 728 1
464 725 4
465 76 4
470 868 5
472 21 4
473 666 1
478 221 1
479 874 3
480 495 1
481 670 3
482 858 3
485 413 3
486 742 1
488 470 4
489 628 3
491 765 4
494 738 5
495 873 2
497 656 5
498 731 2
500 520 1
502 878 1
504 226 5
506 502 5
510 976 3
511 446 5
512 830 3
515 56 2
516 782 4
520 524 2
521 709 2
523 433 1
525 147 4
526 43 2
528 26 2
529 844 1
534 55 2
535 75 3
537 113 4
541 952 4
542 188 1
543 79 2
545 193 3
546 13 2
548 713 3
549 933 2
557 428 5
559 873 3
560 154 3
562 604 2
564 948 3
568 490 4
569 226 4
572 398 2
573 556 4
578 955 4
579 674 3
581 883 1
583 288 1
585 567 1
587 714 4
589 608 4
590 617 4
598 550 1
599 54 3
602 286 4
603 331 3
605 10 1
609 940 2
611 61 4
613 196 1
614 728 4
615 744 5
616 23 2
619 650 2
625 79 5
626 858 1
627 173 2
629 699 3
630 26 4
631 536 4
634 410 4
637 660 3
640 45 5
641 873 5
643 301 1
647 873 4
650 245 2
651 32 2
652 995 3
654 252 5
655 830 5
659 981 5
660 418 4
661 987 2
666 858 5
670 40 3
673 458 2
675 687 4
677 872 3
679 603 5
680 700 4
682 735 5
684 54 1
685 895 4
686 582 5
688 764 2
690 854 3
693 699 3
695 134 4
696 816 5
697 107 5
698 47 2
701 582 2
702 468 3
703 856 1
705 951 1
706 268 5
708 662 4
713 862 3
716 389 3
719 604 5
721 927 1
730 10 4
734 64 2
735 597 5
738 346 2
742 351 5
746 224 1
748 392 4
752 288 5
753 742 2
754 808 4
756 455 4
757 878 4
758 151 5
760 867 3
762 239 1
764 199 4
765 957 1
768 665 1
771 525 2
772 150 4
773 436 2
775 700 5
779 959 1
780 799 4
781 940 5
784 89 2
785 909 4
788 483 3
789 87 1
791 400 2
792 110 2
796 799 1
798 337 2
801 556 3
802 600 4
803 49 3
804 614 1
805 172 3
809 133 2
810 955 2
812 478 3
815 878 2
816 662 2
818 860 5
819 177 4
822 915 1
823 462 3
824 685 4
825 272 5
828 682 1
829 509 5
830 256 1
831 90 4
833 873 1
835 352 3
837 330 5
842 710 3
843 864 5
851 362 1
852 575 1
855 461 5
856 782 3
859 257 1
860 96 1
864 209 3
865 528 2
866 858 1
867 248 3
869 769 1
871 462 3
873 614 3
874 895 1
875 900 5
880 248 2
881 227 1
882 757 4
885 978 3
887 72 2
889 671 5
890 839 3
893 200 1
900 706 4
901 105 3
902 705 1
903 685 4
906 873 3
907 384 1
910 630 2
913 71 4
915 707 4
918 322 3
919 595 1
920 409 4
921 243 4
925 495 3
930 696 4
933 551 5
934 159 5
935 172 3
940 543 4
943 443 5
944 516 1
947 728 1
948 963 2
949 382 1
950 455 2
951 240 1
952 963 1
953 744 1
954 534 2
955 764 3
956 542 5
958 652 2
962 981 2
963 710 4
964 725 2
966 769 1
967 774 1
968 783 1
969 740 2
970 626 5
972 592 5
973 226 5
974 245 5
977 715 1
983 550 1
986 144 5
987 410 2
990 339 2
992 779 2
993 737 5
994 331 5
996 472 4
997 369 1
999 551 4
0 2 5
2 1 5
0 3 5
3 1 4
0 4 1
4 1 5
0 5 1
5 1 1
0 6 4
7 1 1
0 8 1
0 9 2
9 1 3
0 11 5
0 12 3
12 1 5
13 1 4
0 14 5
0 15 2
15 1 4
0 16 4
0 17 1
18 1 2
19 1 5
0 20 2
21 1 4
0 22 4
0 24 3
24 1 5
0 25 5
26 1 1
0 27 5
0 28 4
0 29 5
0 30 3
30 1 3
0 33 5
0 34 4
0 35 4
35 1 5
0 36 3
36 1 5
0 37 2
37 1 4
0 38 2
38 1 2
0 39 3
0 41 3
0 42 4
0 44 2
44 1 5
0 46 4
46 1 1
47 1 4
0 48 5
48 1 5
49 1 3
0 50 1
50 1 3
0 51 3
51 1 1
52 1 4
0 53 1
53 1 5
0 58 1
58 1 2
0 59 4
59 1 3
60 1 2
61 1 5
0 62 1
0 63 5
63 1 2
64 1 2
0 65 2
65 1 5
0 66 4
0 67 4
67 1 4
0 68 5
68 1 2
0 69 2
0 70 4
70 1 4
73 1 1
0 74 2
75 1 5
0 77 5
0 78 5
79 1 3
80 1 1
81 1 4
0 82 2
0 83 1
84 1 4
0 85 4
85 1 4
0 88 3
88 1 4
0 91 5
91 1 3
0 92 5
92 1 2
0 93 4
0 94 2
94 1 5
0 95 2
95 1 4
96 1 3
0 97 1
0 98 2
0 99 4
0 100 3
100 1 3
0 101 2
0 102 5
0 103 5
103 1 3
0 104 4
0 106 4
0 108 3
108 1 5
0 109 3
111 1 4
0 112 5
0 114 2
114 1 4
0 115 2
115 1 4
0 116 4
0 117 2
0 118 2
0 119 1
119 1 4
0 120 2
120 1 2
0 121 5
122 1 1
0 123 2
123 1 2
0 124 5
124 1 1
0 125 3
125 1 5
0 126 2
127 1 2
0 128 2
129 1 4
0 130 4
130 1 4
0 131 4
131 1 1
0 132 4
132 1 5
0 135 3
0 136 4
136 1 3
0 137 3
137 1 4
0 138 1
0 139 1
0 140 1
141 1 5
0 142 4
0 143 5
143 1 5
0 145 4
145 1 5
0 146 1
146 1 5
0 148 5
148 1 5
0 149 2
150 1 3
151 1 4
0 152 2
152 1 2
0 153 3
154 1 3
0 155 3
155 1 5
0 156 1
156 1 3
0 157 5
157 1 5
0 158 1
160 1 3
0 161 1
161 1 1
0 162 3
0 163 5
163 1 3
0 164 2
0 165 1
0 166 2
166 1 5
0 167 2
168 1 4
0 169 1
0 170 2
170 1 3
0 171 3
171 1 3
173 1 4
174 1 4
0 175 5
0 176 5
0 178 2
0 179 2
0 180 1
181 1 3
0 182 5
0 183 1
183 1 2
0 184 2
184 1 5
0 185 4
185 1 1
0 186 5
186 1 4
0 187 3
187 1 4
0 189 4
189 1 4
0 190 1
190 1 3
0 191 3
191 1 1
0 192 2
192 1 5
0 194 1
195 1 4
196 1 3
0 197 1
197 1 5
198 1 2
0 201 4
0 202 4
0 203 2
0 204 1
0 205 2
205 1 1
0 206 4
206 1 5
0 207 1
207 1 1
0 208 2
208 1 1
209 1 5
0 210 2
211 1 2
0 212 2
0 213 5
213 1 2
0 214 5
214 1 5
0 215 5
215 1 5
0 216 4
216 1 2
0 217 2
217 1 4
0 218 1
0 219 3
0 220 1
0 222 4
0 223 2
224 1 1
0 225 2
225 1 5
226 1 2
227 1 5
0 229 4
229 1 4
0 230 3
230 1 2
232 1 5
0 233 4
0 234 3
234 1 1
0 235 1
235 1 3
0 236 1
236 1 5
0 237 3
237 1 5
0 238 5
239 1 1
0 241 1
0 242 1
242 1 3
0 244 5
245 1 1
0 246 1
246 1 4
0 247 3
247 1 1
0 249 2
0 250 5
250 1 2
0 251 4
251 1 2
0 253 5
253 1 1
0 254 1
0 255 2
0 258 3
258 1 1
0 259 4
259 1 4
0 260 5
0 261 1
0 263 2
0 264 4
0 265 1
0 266 5
266 1 4
0 267 1
267 1 5
268 1 1
0 269 5
269 1 2
0 270 5
270 1 1
0 271 2
273 1 3
0 274 5
0 275 4
275 1 1
0 276 1
0 277 1
277 1 3
0 278 4
278 1 1
0 279 2
0 280 5
281 1 4
0 282 1
0 283 5
0 284 2
284 1 3
0 285 5
0 287 2
0 289 3
289 1 1
0 290 2
290 1 3
0 291 3
0 292 5
292 1 4
0 293 5
293 1 5
0 294 3
294 1 4
0 296 3
0 297 3
297 1 2
0 298 4
0 299 4
299 1 3
0 300 3
301 1 4
0 302 5
302 1 4
0 303 3
303 1 2
0 304 2
304 1 1
0 305 2
0 306 1
0 307 2
307 1 3
0 308 2
308 1 4
0 309 4
310 1 1
0 311 5
311 1 3
0 312 1
312 1 5
0 313 5
0 314 3
0 315 5
0 316 2
316 1 2
0 318 2
318 1 1
321 1 1
0 323 4
323 1 5
0 324 4
324 1 5
0 325 2
325 1 2
0 326 4
326 1 5
0 327 5
0 328 4
328 1 5
0 329 5
330 1 5
331 1 2
0 332 1
332 1 5
0 335 3
0 336 2
0 338 4
0 340 5
0 341 1
341 1 2
0 342 4
343 1 4
0 344 4
0 345 5
345 1 4
346 1 1
347 1 5
0 348 4
348 1 2
0 349 2
349 1 2
0 350 2
352 1 3
0 353 2
353 1 3
0 354 2
0 355 2
355 1 5
0 356 5
0 357 5
357 1 2
358 1 1
0 359 4
0 360 2
0 361 5
362 1 3
0 363 2
363 1 5
0 364 5
364 1 1
0 366 4
0 368 2
368 1 1
0 370 3
0 371 2
0 372 5
372 1 2
0 375 3
375 1 4
0 376 3
376 1 5
0 377 2
0 379 2
0 381 4
381 1 3
0 383 4
383 1 5
0 386 4
0 387 3
387 1 1
0 388 5
0 390 4
0 391 5
391 1 1
0 393 1
393 1 3
0 395 1
395 1 2
0 396 5
0 397 1
397 1 5
398 1 5
0 399 4
0 401 2
0 402 4
0 403 1
403 1 2
0 404 1
0 405 1
405 1 3
0 406 5
407 1 5
0 408 2
408 1 3
410 1 5
0 411 1
411 1 5
0 412 5
412 1 4
413 1 2
0 414 4
414 1 3
0 415 3
415 1 5
416 1 1
417 1 5
0 419 2
419 1 5
0 420 2
0 421 4
0 422 5
422 1 5
0 423 4
0 424 4
424 1 4
0 425 1
0 426 3
0 427 5
427 1 1
0 429 3
429 1 2
0 431 5
0 432 4
0 434 5
434 1 1
0 435 1
0 437 3
0 438 3
0 439 2
439 1 1
0 440 4
440 1 1
0 441 4
441 1 3
0 442 2
442 1 2
443 1 3
0 444 4
0 445 2
445 1 4
446 1 4
0 447 3
0 448 4
448 1 2
0 449 4
449 1 5
0 450 2
451 1 4
0 452 4
452 1 5
453 1 3
0 454 5
454 1 5
455 1 2
0 456 5
457 1 5
0 459 4
0 460 3
462 1 5
0 463 1
463 1 2
0 465 5
0 466 4
466 1 2
0 467 1
467 1 4
468 1 2
0 469 1
469 1 2
0 471 2
471 1 4
0 473 4
0 474 4
474 1 2
0 475 5
475 1 5
0 476 1
476 1 3
0 477 2
477 1 1
0 479 4
0 480 5
0 482 4
483 1 2
0 484 4
484 1 5
0 485 1
0 486 3
0 487 3
487 1 3
0 488 4
490 1 5
492 1 5
0 493 1
493 1 3
0 494 4
0 496 4
496 1 2
0 497 1
0 498 5
0 499 4
499 1 1
0 500 2
501 1 2
0 503 2
503 1 4
0 504 1
0 505 4
505 1 3
0 507 1
507 1 4
0 508 2
508 1 2
509 1 4
0 510 2
0 512 3
0 513 2
513 1 2
0 514 4
514 1 2
0 517 4
517 1 5
0 518 3
518 1 4
0 519 4
519 1 4
0 521 5
0 522 3
522 1 4
0 523 1
524 1 2
0 526 4
0 527 2
527 1 2
0 529 3
0 530 3
530 1 3
0 531 2
531 1 1
0 532 5
532 1 4
0 533 2
533 1 1
0 535 3
536 1 5
0 537 2
0 538 4
538 1 2
0 539 5
539 1 1
0 540 3
540 1 3
0 541 4
544 1 5
0 545 1
0 546 4
0 547 3
547 1 4
0 548 4
0 549 3
550 1 5
551 1 3
0 552 5
552 1 2
0 553 4
553 1 5
0 554 1
554 1 5
0 555 2
555 1 4
556 1 5
558 1 5
0 559 1
0 560 4
0 561 3
561 1 2
0 562 5
0 563 1
563 1 5
565 1 3
566 1 1
567 1 3
0 568 4
0 569 4
0 570 4
570 1 4
0 571 1
571 1 2
0 572 1
0 573 4
0 574 1
574 1 5
575 1 4
576 1 4
0 577 1
577 1 1
0 578 3
0 579 4
0 580 4
580 1 5
0 581 2
582 1 4
0 584 5
584 1 1
0 585 1
0 586 3
586 1 2
0 588 5
588 1 2
0 590 5
0 591 5
591 1 3
592 1 5
593 1 2
0 594 2
594 1 2
595 1 5
0 596 1
596 1 4
597 1 5
0 598 5
0 599 4
600 1 4
0 601 4
601 1 4
0 602 1
604 1 2
0 605 3
606 1 4
0 607 3
607 1 5
608 1 1
0 609 2
0 610 5
610 1 1
0 611 2
0 612 4
612 1 4
0 613 4
0 615 1
0 616 3
617 1 1
0 618 5
618 1 2
0 619 4
0 620 3
620 1 5
0 621 3
621 1 2
0 622 4
622 1 2
0 623 2
623 1 5
0 624 4
624 1 1
0 625 4
0 627 5
628 1 2
0 629 2
0 631 1
0 632 2
632 1 5
0 633 2
633 1 5
0 634 1
0 635 4
635 1 2
636 1 5
0 637 1
0 638 5
638 1 4
0 639 1
639 1 3
0 640 4
0 641 3
0 642 4
642 1 4
0 644 3
644 1 1
0 645 2
645 1 1
0 646 4
646 1 1
0 647 5
0 648 1
648 1 3
0 649 2
649 1 3
0 651 5
0 653 3
653 1 3
0 654 3
656 1 2
657 1 3
0 658 4
658 1 3
0 659 5
0 661 1
662 1 2
0 663 5
663 1 2
0 664 5
664 1 2
665 1 2
0 667 1
667 1 1
0 668 4
668 1 2
669 1 2
671 1 2
0 672 5
672 1 3
0 673 2
674 1 1
0 675 5
0 676 4
676 1 4
0 677 2
0 678 5
678 1 3
0 679 3
0 680 4
0 681 1
681 1 4
0 683 3
683 1 2
0 684 5
0 686 5
687 1 5
0 688 5
0 689 5
689 1 4
0 690 1
0 691 1
691 1 5
0 692 1
692 1 3
0 693 5
0 694 4
694 1 1
0 695 4
0 697 5
0 698 2
699 1 3
700 1 3
0 702 5
0 703 1
0 704 2
704 1 3
707 1 1
0 708 5
709 1 3
710 1 1
0 711 4
711 1 3
712 1 4
714 1 4
715 1 4
0 717 4
717 1 5
0 718 2
718 1 5
0 719 2
0 720 2
720 1 3
0 721 2
0 722 2
722 1 1
0 723 1
723 1 4
0 724 1
724 1 5
725 1 4
0 726 4
726 1 5
0 727 4
727 1 2
728 1 4
0 729 1
729 1 4
731 1 1
0 732 3
732 1 2
0 733 5
733 1 1
0 736 2
736 1 3
737 1 3
0 739 4
739 1 2
740 1 3
0 741 5
741 1 1
0 743 5
743 1 4
744 1 5
0 745 3
745 1 1
0 746 5
0 747 2
747 1 3
0 748 1
0 749 1
749 1 5
0 750 5
750 1 5
0 751 5
751 1 2
0 752 4
0 753 4
0 755 2
755 1 1
0 756 3
0 758 5
0 759 4
759 1 4
0 760 3
0 761 2
761 1 2
0 762 2
0 763 4
763 1 5
0 766 3
766 1 4
0 767 2
767 1 2
0 768 5
769 1 4
0 770 1
770 1 5
0 771 1
0 772 2
0 773 5
774 1 5
0 775 2
0 776 1
776 1 2
0 777 3
777 1 1
0 778 1
778 1 3
0 781 1
782 1 4
783 1 5
0 784 1
0 786 3
786 1 2
0 787 1
787 1 1
0 789 1
0 790 3
790 1 1
0 791 4
0 792 4
0 793 3
793 1 4
794 1 3
0 795 3
795 1 3
0 797 4
797 1 1
0 798 1
799 1 2
0 800 5
800 1 4
0 801 1
0 802 1
0 806 4
806 1 4
0 807 4
807 1 2
808 1 5
0 809 2
0 810 1
0 811 4
811 1 4
0 812 1
813 1 4
0 814 4
814 1 5
0 817 5
817 1 4
0 818 4
0 819 1
0 820 3
820 1 5
821 1 3
0 822 2
0 824 2
0 825 4
826 1 4
0 827 5
827 1 1
0 829 2
0 831 1
0 832 3
832 1 4
0 834 5
834 1 1
0 835 5
0 836 2
836 1 4
0 837 2
0 838 2
838 1 4
839 1 4
0 840 4
840 1 4
0 841 5
841 1 5
0 842 4
0 843 4
844 1 4
0 845 3
845 1 4
0 846 2
846 1 2
0 847 2
847 1 2
848 1 4
0 849 3
849 1 5
850 1 3
0 851 1
0 852 1
0 853 2
853 1 4
854 1 1
0 857 5
857 1 2
858 1 5
0 859 1
861 1 3
862 1 4
0 863 4
863 1 2
0 866 2
868 1 2
0 869 2
0 870 4
870 1 1
0 871 4
872 1 2
0 875 2
0 876 5
876 1 5
0 877 2
877 1 4
878 1 3
879 1 4
0 880 1
0 881 3
0 882 3
883 1 3
0 884 3
884 1 2
0 885 1
0 886 2
886 1 2
0 887 2
0 888 5
888 1 4
0 889 4
0 890 3
0 891 1
891 1 3
0 892 1
892 1 5
0 893 4
0 894 3
894 1 1
895 1 1
0 896 5
896 1 4
0 897 3
897 1 4
0 898 3
898 1 1
0 899 1
899 1 2
0 901 1
0 902 5
0 903 3
0 904 1
904 1 2
0 905 3
905 1 4
0 907 1
908 1 2
909 1 2
0 910 1
0 911 1
911 1 1
0 912 1
912 1 5
0 913 3
0 914 5
914 1 4
0 916 2
916 1 3
0 917 4
917 1 3
0 918 5
0 919 1
0 920 4
0 921 5
0 922 3
922 1 5
0 923 5
923 1 4
0 924 5
924 1 1
0 925 1
0 926 1
926 1 2
927 1 5
0 928 2
928 1 4
929 1 2
0 930 3
0 931 5
931 1 1
0 932 3
932 1 3
0 934 2
0 936 5
936 1 5
0 937 5
937 1 4
938 1 1
0 939 4
939 1 4
0 941 4
941 1 3
0 942 3
942 1 4
0 945 1
945 1 2
0 946 3
946 1 2
0 947 5
0 949 4
0 950 2
0 953 4
0 956 3
957 1 5
0 958 5
959 1 1
0 960 5
960 1 5
0 961 1
961 1 2
0 962 3
0 965 4
965 1 4
0 966 4
0 967 5
0 968 3
0 969 4
0 970 5
0 971 5
971 1 4
0 972 1
0 973 4
0 974 5
0 975 1
975 1 2
976 1 3
0 977 3
978 1 3
0 979 5
979 1 5
0 980 1
980 1 5
981 1 4
0 982 1
982 1 5
0 983 4
984 1 5
0 985 2
985 1 5
0 986 5
0 988 5
988 1 5
0 989 1
989 1 3
0 990 2
0 991 5
991 1 5
0 992 5
0 994 4
995 1 4
0 996 4
0 997 3
0 998 2
998 1 1
0 999 3
1000 1659 3
2 191 1
4 285 3
8 821 4
10 576 1
11 659 4
13 408 2
14 726 1
17 739 5
18 438 5
20 428 3
23 10 3
29 889 2
31 812 2
32 919 3
36 293 4
39 158 4
40 702 2
42 371 3
44 93 1
47 908 3
48 571 2
50 431 3
51 586 5
52 383 4
53 82 1
57 688 5
58 275 2
60 790 3
61 12 5
64 951 5
66 638 2
68 325 5
70 34 1
71 418 4
72 704 4
75 534 5
77 513 3
81 773 1
86 446 1
87 839 3
89 834 4
90 955 1
91 644 2
92 521 3
95 183 1
97 215 4
99 897 2
103 503 5
106 161 1
111 530 2
113 272 2
114 923 3
115 271 4
117 304 5
118 454 4
119 232 5
124 891 3
128 396 5
129 70 2
130 118 1
131 80 4
133 913 3
134 572 4
139 576 2
141 939 3
143 72 1
144 54 5
145 104 4
147 128 3
149 450 3
151 980 3
153 640 2
154 91 4
155 660 1
157 456 5
158 189 3
161 696 1
162 834 1
164 352 1
166 232 1
169 149 2
172 990 2
174 694 5
175 944 2
176 646 5
177 376 2
180 159 2
181 159 3
182 619 5
187 93 4
188 57 5
189 792 1
190 492 4
192 251 1
193 380 2
196 706 5
198 739 3
200 161 4
201 192 4
206 576 1
210 233 2
212 676 3
213 976 4
214 848 1
215 699 5
218 860 3
221 323 3
223 486 4
227 845 4
230 928 1
231 899 3
232 264 2
236 363 2
239 572 5
244 494 4
247 179 4
248 3 5
249 207 5
250 201 5
251 234 5
252 775 1
253 380 2
255 674 4
256 677 3
259 677 1
260 145 4
261 741 2
263 182 1
265 706 5
266 354 2
268 104 1
269 733 1
270 516 3
271 239 4
272 977 3
274 778 1
276 919 2
277 338 2
279 494 1
282 301 5
284 593 1
286 758 4
290 453 1
291 845 3
292 723 3
299 779 4
301 159 4
302 686 2
303 928 2
305 688 1
307 141 4
310 381 3
313 438 1
315 452 5
316 54 3
317 134 1
318 829 5
323 485 4
325 118 5
326 191 4
329 121 1
331 201 3
336 693 4
339 939 4
340 650 2
341 902 3
342 353 2
343 890 2
344 214 1
345 445 3
347 811 2
349 693 1
350 689 5
354 80 2
355 613 3
359 276 3
360 32 4
362 794 2
363 323 2
365 385 5
366 803 4
371 592 4
379 310 5
381 506 2
385 117 2
386 896 3
388 292 3
394 103 2
395 343 3
397 218 2
398 249 2
399 383 3
401 753 3
402 161 1
407 44 5
408 159 3
414 643 1
415 167 4
416 442 3
418 730 2
420 406 2
421 868 4
422 732 5
427 628 2
428 121 2
429 704 4
430 385 5
431 868 4
432 10 4
433 304 4
435 491 2
437 159 2
438 424 2
439 916 2
440 119 1
441 31 4
445 903 5
446 890 5
447 503 1
451 395 4
457 348 2
459 705 1
466 536 4
467 830 2
468 839 5
470 449 1
473 640 4
476 203 2
477 324 5
481 355 4
483 635 1
484 780 3
488 739 4
492 93 3
493 298 4
498 553 3
500 887 2
501 145 4
505 273 5
507 538 2
508 554 2
509 838 2
510 323 3
511 52 2
514 257 1
515 12 1
519 192 4
520 873 4
521 233 5
522 498 3
523 687 4
529 337 4
531 299 5
536 210 4
537 309 4
538 691 5
539 486 2
540 219 4
541 105 2
543 935 1
545 521 3
547 733 3
548 494 5
552 804 5
555 849 2
556 295 4
557 248 1
562 544 4
565 672 5
569 827 4
574 935 4
575 748 3
577 936 4
579 351 4
581 573 5
583 80 2
584 467 1
586 903 3
587 554 5
588 935 3
590 231 5
596 887 5
602 944 3
603 95 3
604 920 1
607 504 3
608 289 4
611 348 1
612 680 4
614 931 4
615 449 5
616 700 4
617 403 3
621 760 5
623 743 1
626 340 1
628 732 4
631 27 3
632 592 3
633 344 4
634 251 1
640 210 5
644 353 3
646 650 5
647 791 1
648 196 4
652 878 1
654 51 2
655 817 4
660 158 5
661 251 2
662 438 1
665 61 1
666 57 4
669 563 2
670 274 4
672 309 4
673 808 3
675 488 2
678 499 2
682 734 1
683 995 5
684 341 5
686 239 1
689 733 3
690 730 2
694 706 2
696 931 1
698 255 1
700 208 2
703 269 4
704 141 4
705 715 4
711 213 3
713 152 4
717 883 1
718 916 1
720 93 3
721 405 1
722 619 5
723 106 1
724 341 1
726 779 5
728 68 4
730 959 5
731 779 1
740 723 2
741 691 5
744 27 1
745 890 4
749 573 3
750 981 3
751 947 5
752 61 2
756 640 1
758 802 2
761 697 2
763 818 3
764 938 4
768 995 1
769 163 2
770 582 4
772 290 1
774 65 2
775 986 2
778 516 5
779 491 3
780 689 3
781 639 2
783 473 2
784 490 2
785 126 2
786 994 5
790 467 3
793 678 1
795 186 5
797 752 3
798 727 3
802 111 2
803 106 2
804 739 4
805 12 5
808 725 3
810 131 5
813 525 4
814 681 5
816 510 3
817 324 3
820 117 2
825 526 5
826 57 4
827 848 4
828 687 3
832 908 1
839 809 1
843 690 1
844 143 4
845 637 4
846 594 2
850 802 5
851 642 2
852 612 1
855 656 3
856 435 3
857 309 1
858 856 3
859 66 2
860 583 5
861 216 3
862 489 2
863 586 5
865 646 4
866 443 2
870 485 2
872 726 2
874 85 5
876 610 1
877 618 1
878 15 2
879 877 1
881 662 5
882 33 5
885 83 2
887 323 2
889 145 4
890 913 1
892 27 2
893 508 2
895 922 2
897 552 3
898 486 2
900 82 1
901 376 1
903 304 1
906 148 5
907 236 4
908 823 4
909 802 2
911 554 3
912 380 3
914 883 1
916 991 3
920 663 4
921 796 2
922 818 5
923 146 5
926 105 1
929 503 5
930 61 5
931 902 4
933 972 3
934 887 2
937 409 4
940 281 4
943 285 5
945 745 5
948 706 5
949 83 2
950 552 1
952 132 1
954 660 3
955 422 3
957 637 2
958 461 4
959 735 5
960 503 2
965 724 5
967 848 2
969 780 4
970 786 4
980 627 3
983 486 1
984 13 1
986 454 1
988 540 2
989 704 3
990 483 5
993 260 4
996 639 5
997 14 2
999 845 2
0 2 1
3 1 4
0 4 3
0 5 2
5 1 5
0 6 4
6 1 5
0 7 1
7 1 2
0 8 4
0 9 1
9 1 1
0 11 3
12 1 5
15 1 3
0 16 2
16 1 5
0 17 4
0 18 2
0 19 2
19 1 2
0 20 5
0 21 5
21 1 4
0 22 2
22 1 3
0 23 2
0 24 4
24 1 1
0 25 3
25 1 3
0 26 1
26 1 4
27 1 4
0 28 1
28 1 3
0 29 1
0 30 5
30 1 4
33 1 3
34 1 2
0 35 4
35 1 4
0 36 5
0 37 4
37 1 4
0 38 3
38 1 4
0 39 3
0 40 5
0 41 3
41 1 2
0 42 2
0 43 4
43 1 1
0 45 2
45 1 4
0 46 5
46 1 5
0 47 3
0 48 3
0 49 2
49 1 5
0 50 5
0 53 1
54 1 1
0 55 3
55 1 5
0 56 5
56 1 5
0 58 1
0 59 5
59 1 1
0 60 4
0 62 5
62 1 3
0 63 2
63 1 5
0 64 5
65 1 3
0 67 1
67 1 3
0 69 1
69 1 1
0 71 5
0 73 2
73 1 4
0 74 1
74 1 4
0 75 5
0 76 5
76 1 2
0 77 1
0 78 2
78 1 1
0 79 1
79 1 5
80 1 5
0 81 4
82 1 4
83 1 2
0 84 4
84 1 4
85 1 4
0 86 5
0 87 4
0 88 2
88 1 4
0 89 4
0 90 3
0 92 5
93 1 4
0 94 5
94 1 3
0 96 3
96 1 5
0 97 1
0 98 5
98 1 5
0 99 5
0 100 2
100 1 3
0 101 2
101 1 1
0 102 1
102 1 5
104 1 4
105 1 4
0 107 3
107 1 5
0 108 4
108 1 3
0 109 2
109 1 1
0 110 2
110 1 3
0 112 5
112 1 2
0 113 2
0 114 2
0 115 1
0 116 1
116 1 2
0 120 1
120 1 5
121 1 1
0 122 2
122 1 3
0 123 5
123 1 1
0 124 5
0 125 5
125 1 5
126 1 4
0 127 3
127 1 4
0 129 2
0 130 4
132 1 4
0 133 1
0 135 5
135 1 3
0 136 1
136 1 4
0 137 5
137 1 3
0 138 3
138 1 5
0 139 1
0 140 1
140 1 1
0 142 4
142 1 3
0 144 4
146 1 5
0 147 2
148 1 1
0 150 1
150 1 2
0 151 1
152 1 3
0 153 1
0 154 5
0 155 3
0 156 5
156 1 4
0 157 3
159 1 3
0 160 4
160 1 3
0 162 1
163 1 1
0 164 4
0 165 1
165 1 3
0 166 3
167 1 5
0 168 3
168 1 1
0 169 3
0 170 3
170 1 3
0 171 2
171 1 4
0 172 5
0 173 1
173 1 2
0 174 2
0 175 5
0 176 1
0 177 3
0 178 1
178 1 3
179 1 4
0 180 3
0 181 4
183 1 3
0 184 4
184 1 5
0 185 2
185 1 5
186 1 5
0 187 1
0 188 4
0 190 5
191 1 5
0 193 1
0 194 3
194 1 1
0 195 2
195 1 3
0 197 4
197 1 1
0 198 4
0 199 3
199 1 5
0 200 5
0 202 1
202 1 3
203 1 5
0 204 2
204 1 2
0 205 4
205 1 3
0 206 1
207 1 5
208 1 4
0 209 1
209 1 4
0 211 4
211 1 1
0 212 1
216 1 4
0 217 5
217 1 3
219 1 3
0 220 3
220 1 4
0 221 4
0 222 1
222 1 1
0 223 5
0 224 1
224 1 3
0 225 4
225 1 5
0 226 1
226 1 4
0 227 1
0 228 4
228 1 5
0 229 2
229 1 2
0 230 5
233 1 5
234 1 3
0 235 2
235 1 3
0 237 3
237 1 1
0 238 1
238 1 5
0 240 4
240 1 3
0 241 2
241 1 2
0 242 5
242 1 1
0 243 2
243 1 5
0 244 3
0 245 1
245 1 3
0 246 3
246 1 4
0 247 2
0 250 2
0 252 1
0 253 4
0 254 1
254 1 4
0 256 1
257 1 5
0 258 5
258 1 5
0 259 4
0 261 5
0 262 4
262 1 5
0 263 1
264 1 2
0 265 5
0 266 1
0 267 4
267 1 5
0 268 2
0 270 1
273 1 3
275 1 1
0 277 3
0 278 1
278 1 5
0 279 2
0 280 2
280 1 1
281 1 5
0 282 5
0 283 4
283 1 2
0 284 3
285 1 2
0 286 1
0 287 5
287 1 2
0 288 3
288 1 5
289 1 5
0 291 5
293 1 3
0 294 4
294 1 3
295 1 1
0 296 2
296 1 1
0 297 3
297 1 4
298 1 5
0 300 4
300 1 3
0 302 3
0 303 1
304 1 4
0 305 1
0 306 2
306 1 1
0 307 4
0 308 4
308 1 4
309 1 5
0 311 1
311 1 5
0 312 1
312 1 3
0 313 2
0 314 4
314 1 1
0 315 1
0 316 5
0 317 1
0 318 5
0 319 2
319 1 2
0 320 1
320 1 3
0 321 1
321 1 5
0 322 4
322 1 2
324 1 4
0 326 3
0 327 5
327 1 1
0 328 2
328 1 5
0 329 2
0 330 3
330 1 1
0 331 4
0 332 2
332 1 4
0 333 1
333 1 2
0 334 1
334 1 3
0 335 4
335 1 2
0 336 4
337 1 5
338 1 2
0 339 2
0 342 3
0 345 1
0 346 4
346 1 4
0 347 1
348 1 5
0 349 4
0 350 3
351 1 1
352 1 2
353 1 5
0 356 3
356 1 5
0 357 2
357 1 1
0 358 4
358 1 5
0 359 3
0 360 1
0 361 2
361 1 1
0 362 3
0 364 4
364 1 2
0 365 4
0 366 5
0 367 2
367 1 3
0 368 4
368 1 4
0 369 2
369 1 5
0 370 5
370 1 2
0 372 5
372 1 5
0 373 3
373 1 3
0 374 4
374 1 3
0 375 5
375 1 4
376 1 3
0 377 5
377 1 5
0 378 4
378 1 3
0 379 4
380 1 2
0 382 1
382 1 3
383 1 1
0 384 5
384 1 1
0 386 2
0 387 1
387 1 3
0 388 2
0 389 5
389 1 1
0 390 3
390 1 1
0 391 4
391 1 3
0 392 5
392 1 1
0 393 4
393 1 3
0 394 2
396 1 2
0 397 2
0 398 2
0 399 4
0 400 3
400 1 2
0 401 3
0 402 1
403 1 4
0 404 3
404 1 1
405 1 3
406 1 4
0 407 1
409 1 4
0 410 1
410 1 2
0 411 1
411 1 4
0 412 1
412 1 5
0 413 3
413 1 1
0 414 3
0 415 4
0 416 1
0 417 4
417 1 5
0 419 5
419 1 1
0 420 4
0 421 5
0 423 5
423 1 3
424 1 1
0 425 5
425 1 2
0 426 2
426 1 2
0 427 4
0 429 5
0 430 1
0 432 5
0 433 4
0 434 5
434 1 4
0 436 5
436 1 1
0 437 1
0 439 3
0 440 4
0 441 5
442 1 1
443 1 3
0 444 3
444 1 4
0 447 1
0 448 4
448 1 1
449 1 3
450 1 4
0 451 4
452 1 1
453 1 3
454 1 4
0 455 1
455 1 3
456 1 1
0 457 5
0 458 5
458 1 5
0 459 5
0 460 4
460 1 5
461 1 1
0 462 4
462 1 4
0 463 3
463 1 4
0 464 5
464 1 1
0 465 4
465 1 4
0 466 3
0 468 2
0 469 5
469 1 5
0 470 3
0 471 5
471 1 2
0 472 4
472 1 3
0 474 1
474 1 5
0 475 1
475 1 2
0 476 5
0 477 2
0 478 5
478 1 4
0 479 1
479 1 4
0 480 1
480 1 2
0 481 4
0 482 4
482 1 2
0 484 1
485 1 2
486 1 4
0 487 1
487 1 3
489 1 1
490 1 2
491 1 2
0 493 1
494 1 5
0 495 4
495 1 2
0 496 5
496 1 2
0 497 1
497 1 1
499 1 4
0 500 1
0 501 2
0 502 5
502 1 5
503 1 4
504 1 5
0 505 4
506 1 3
0 507 3
0 509 5
0 511 5
0 512 2
512 1 3
513 1 2
0 514 5
0 515 4
516 1 3
0 517 4
517 1 1
0 518 2
518 1 2
0 519 2
0 520 3
0 522 5
0 523 3
0 524 1
524 1 2
525 1 2
526 1 1
0 527 1
527 1 2
0 528 1
528 1 3
0 529 3
530 1 2
0 531 2
0 532 4
532 1 2
0 533 2
533 1 2
534 1 1
0 535 4
535 1 1
0 537 1
0 539 3
0 541 5
0 542 3
542 1 3
0 543 5
544 1 3
0 545 2
0 546 4
546 1 5
0 547 5
0 548 2
0 549 5
549 1 4
0 550 1
550 1 3
0 551 4
551 1 4
553 1 3
554 1 2
0 555 3
0 556 3
0 557 5
0 558 4
558 1 1
0 559 1
559 1 3
0 560 5
560 1 2
0 561 2
561 1 5
0 562 1
563 1 3
0 564 1
564 1 3
0 565 2
0 566 3
566 1 3
0 567 4
567 1 2
0 568 3
568 1 4
0 569 4
0 570 1
570 1 4
571 1 1
572 1 3
573 1 3
0 574 4
0 575 5
576 1 4
0 577 3
0 578 3
578 1 2
0 579 4
0 580 3
580 1 4
0 581 1
582 1 3
0 584 3
0 585 3
585 1 4
0 587 1
0 588 2
0 589 1
589 1 4
0 590 5
0 591 4
591 1 2
592 1 4
593 1 5
594 1 1
0 595 5
595 1 1
0 596 5
0 597 4
597 1 5
0 598 4
598 1 1
0 599 5
599 1 4
0 600 5
600 1 1
0 601 2
601 1 4
0 602 2
0 603 4
0 604 1
0 605 3
605 1 5
0 606 4
606 1 2
0 607 1
0 608 2
0 609 5
609 1 5
610 1 4
0 611 2
613 1 1
0 614 5
0 615 2
0 616 4
0 617 1
618 1 5
619 1 1
0 620 3
620 1 4
0 621 3
0 622 3
622 1 5
0 623 3
0 624 5
624 1 1
0 625 3
625 1 4
0 626 3
627 1 3
0 629 4
629 1 4
0 630 4
630 1 1
0 631 4
0 632 2
0 633 3
0 634 5
635 1 3
0 636 1
636 1 4
637 1 2
638 1 1
639 1 1
0 641 3
641 1 4
642 1 2
643 1 4
0 645 5
645 1 5
0 647 1
0 648 2
0 649 1
649 1 4
650 1 1
0 651 4
651 1 3
0 652 2
0 653 5
653 1 2
0 654 3
0 655 3
656 1 3
0 657 2
657 1 5
0 658 4
658 1 3
659 1 4
0 661 3
663 1 3
0 664 4
664 1 1
0 665 3
0 666 3
0 667 5
667 1 2
0 668 2
668 1 5
0 669 1
0 670 2
0 671 4
671 1 5
0 673 5
674 1 3
0 675 2
676 1 3
677 1 4
0 679 5
679 1 5
680 1 1
681 1 5
0 682 1
0 683 1
0 684 2
0 685 4
685 1 1
687 1 4
688 1 4
691 1 1
0 692 5
692 1 2
693 1 3
0 695 2
695 1 3
697 1 1
0 698 1
699 1 5
0 701 4
701 1 4
702 1 5
0 703 2
706 1 4
0 707 2
707 1 4
0 708 3
708 1 3
0 709 4
709 1 5
0 710 5
710 1 3
0 711 5
0 712 3
712 1 4
0 713 3
0 714 4
714 1 4
715 1 1
0 716 1
716 1 4
0 717 5
0 718 3
0 719 4
719 1 4
0 720 1
0 721 1
0 722 2
725 1 4
727 1 3
0 728 3
0 729 2
729 1 3
0 731 1
732 1 2
733 1 1
734 1 4
735 1 1
0 736 5
736 1 2
0 737 5
737 1 1
0 738 3
738 1 4
739 1 5
0 740 4
0 742 5
742 1 4
743 1 5
0 744 4
0 746 4
746 1 3
0 747 5
747 1 4
748 1 5
0 749 5
0 750 3
0 751 4
753 1 5
0 754 1
754 1 4
0 755 2
755 1 5
0 756 2
0 757 3
757 1 4
0 759 5
759 1 5
760 1 2
0 761 4
0 762 4
762 1 3
0 763 5
0 764 4
0 765 2
765 1 4
0 766 3
766 1 4
0 767 5
767 1 5
0 768 1
0 769 2
0 770 3
0 771 5
771 1 4
0 772 5
773 1 2
0 774 5
0 776 1
776 1 2
0 777 3
777 1 1
0 781 1
0 782 4
782 1 4
0 783 3
0 784 1
0 785 2
0 787 2
787 1 1
0 788 4
788 1 1
0 789 3
789 1 1
791 1 1
792 1 2
0 793 4
794 1 2
0 795 2
796 1 1
0 797 3
0 798 4
0 799 5
799 1 5
0 800 5
800 1 2
0 801 5
801 1 1
0 805 3
0 806 3
806 1 3
0 807 5
807 1 4
809 1 5
0 810 1
811 1 3
812 1 2
0 813 1
0 814 1
0 815 5
815 1 3
0 816 1
818 1 3
0 819 4
819 1 2
0 820 1
821 1 5
0 822 2
822 1 4
823 1 2
0 824 2
824 1 1
0 825 4
0 826 1
0 828 5
829 1 5
830 1 2
0 831 1
831 1 4
0 832 3
0 833 4
833 1 1
834 1 4
0 835 4
835 1 4
0 836 5
836 1 2
0 837 3
837 1 5
838 1 3
0 840 5
840 1 3
0 841 2
841 1 3
0 842 3
842 1 2
0 843 1
0 844 1
0 846 4
0 847 5
847 1 3
848 1 3
849 1 2
0 850 1
0 851 2
0 852 3
0 853 2
853 1 4
0 854 1
854 1 2
0 855 2
0 857 1
0 858 3
0 859 3
0 861 1
0 862 3
0 863 3
0 864 5
864 1 1
0 865 2
0 866 4
0 867 2
867 1 2
868 1 2
0 869 2
869 1 4
0 870 4
0 871 1
871 1 3
0 872 3
873 1 4
0 874 1
0 875 3
875 1 4
0 876 5
0 879 1
0 880 5
880 1 3
0 881 2
0 882 2
883 1 3
0 884 4
884 1 3
0 885 4
0 886 1
886 1 5
0 888 1
888 1 4
891 1 2
0 892 1
0 893 5
0 894 2
894 1 1
0 895 2
896 1 2
0 898 2
899 1 2
0 900 1
0 901 5
902 1 4
0 904 4
904 1 1
0 905 1
905 1 3
0 906 3
0 907 2
0 909 4
0 910 4
910 1 4
0 911 5
0 912 3
913 1 5
0 914 3
0 915 4
915 1 5
0 917 5
917 1 4
0 918 3
918 1 1
919 1 3
0 921 3
0 924 1
924 1 5
0 925 3
925 1 4
0 926 3
0 927 5
927 1 1
928 1 3
0 929 4
0 930 5
0 932 5
932 1 4
0 933 3
0 934 3
935 1 2
936 1 4
0 937 5
938 1 2
939 1 5
0 940 1
0 941 3
941 1 5
0 942 3
942 1 3
0 943 5
944 1 4
0 945 2
0 946 3
946 1 2
947 1 3
0 948 4
0 949 5
0 950 2
951 1 2
0 952 3
0 953 2
953 1 4
0 954 5
0 956 5
956 1 2
0 957 4
0 958 1
0 960 1
0 961 5
961 1 4
0 962 2
962 1 1
0 963 1
963 1 4
0 964 2
964 1 5
0 965 1
0 966 1
966 1 2
0 967 1
0 968 1
968 1 2
0 969 1
0 970 4
0 971 4
971 1 3
972 1 3
0 973 2
973 1 1
0 974 2
974 1 5
0 975 2
975 1 2
976 1 1
977 1 5
0 978 1
978 1 5
0 979 2
979 1 3
981 1 3
0 982 2
982 1 5
0 983 3
0 984 4
0 985 4
985 1 4
0 987 2
987 1 5
0 988 5
0 989 3
991 1 3
0 992 5
992 1 1
0 993 2
994 1 3
995 1 1
0 996 4
0 997 2
0 998 2
998 1 5
0 999 1
1000 1662 4
2 795 2
5 279 3
6 68 2
7 789 2
8 65 3
9 334 2
11 2 5
13 628 3
16 418 3
18 279 1
20 318 1
22 628 5
25 318 2
26 96 1
28 710 1
29 481 4
31 925 3
32 349 2
34 931 1
39 312 3
42 434 2
44 806 1
45 569 1
46 279 5
49 895 1
53 44 5
54 248 2
55 195 4
56 784 4
57 231 5
59 430 1
63 425 3
65 201 1
66 17 4
67 332 2
69 201 5
72 313 5
73 186 1
75 686 3
80 527 3
82 230 2
86 592 4
87 123 3
90 318 1
91 234 5
93 508 2
95 397 1
97 531 4
101 111 2
102 815 2
106 411 5
107 103 3
108 535 3
109 635 5
113 762 1
115 614 2
117 423 3
118 586 5
119 124 2
120 518 5
121 318 1
122 858 2
123 581 3
124 79 3
125 615 3
126 502 5
128 997 4
131 27 5
132 601 2
133 462 3
134 288 3
135 306 1
136 965 4
138 659 5
139 19 2
140 234 5
142 740 5
143 528 1
145 814 5
146 34 1
147 590 5
148 690 2
151 393 5
152 55 2
154 935 3
155 861 2
158 217 1
159 317 4
160 98 4
161 782 2
163 125 4
165 500 4
168 970 1
177 992 5
178 297 2
181 784 4
183 551 1
184 335 1
185 759 4
189 939 2
190 650 3
191 188 5
192 673 4
194 173 1
200 198 5
202 195 3
204 326 2
205 279 1
208 652 4
211 636 5
212 248 3
216 739 2
218 477 3
220 757 5
221 990 3
223 65 5
226 507 5
227 495 4
228 904 1
231 132 1
232 492 4
233 512 1
236 56 3
237 527 1
242 628 2
243 401 4
244 95 3
246 989 2
250 140 2
254 810 5
256 294 2
264 126 4
267 59 5
271 733 3
273 76 4
275 164 4
276 176 5
278 358 4
280 334 5
281 305 4
282 986 4
284 916 3
285 935 5
289 411 5
290 274 2
293 878 1
294 714 2
297 17 3
298 511 5
299 965 3
300 931 2
303 708 3
304 783 1
307 465 1
309 79 2
311 59 1
315 590 1
316 569 4
317 430 3
318 652 2
321 901 5
323 248 1
324 594 5
325 3 1
327 747 3
330 263 3
331 230 5
332 186 5
333 241 1
334 76 2
335 486 5
336 389 1
337 938 2
339 691 2
344 620 4
345 619 3
350 18 2
353 538 1
357 21 5
358 788 2
359 714 4
362 866 3
363 279 1
369 675 5
371 963 3
372 158 3
373 674 2
381 835 4
385 963 4
386 229 3
387 82 1
388 271 1
392 310 2
395 939 5
398 150 1
399 726 5
400 766 2
404 434 1
405 442 2
406 81 3
407 563 1
408 744 2
409 338 5
414 111 4
415 789 1
417 807 5
420 676 5
422 809 1
426 258 3
431 274 3
432 103 5
433 220 2
434 533 5
435 524 2
436 527 3
437 487 4
441 140 5
442 575 2
444 227 3
445 173 5
446 740 5
447 747 1
449 182 4
451 62 3
452 285 2
453 103 4
455 624 1
456 722 1
457 355 1
459 984 5
462 103 1
465 776 2
466 413 2
469 312 3
470 860 2
473 728 2
474 17 3
475 834 2
476 522 1
477 529 1
478 898 5
480 13 2
483 920 3
484 355 5
489 516 2
492 970 5
495 931 1
496 999 2
499 290 3
500 996 2
502 17 3
503 707 3
507 173 4
514 983 5
519 406 3
520 11 4
521 277 3
523 980 1
526 292 5
527 417 4
529 507 2
530 527 1
532 716 4
537 776 2
538 559 4
541 983 1
542 397 2
543 164 3
549 3 5
553 727 4
555 927 1
556 279 2
557 192 4
560 17 2
561 466 5
562 965 3
564 434 5
567 7 4
568 883 2
570 313 4
572 927 1
573 197 5
574 613 3
578 146 1
581 687 2
587 453 5
588 807 5
590 640 1
591 105 3
592 924 5
593 749 5
594 118 1
596 799 5
597 484 4
599 251 4
600 115 5
601 201 1
603 381 4
604 18 2
605 966 5
606 166 4
607 279 4
608 810 1
609 779 2
611 660 5
612 308 4
613 425 2
614 725 4
615 963 1
618 103 5
619 175 2
620 474 2
622 417 2
627 791 1
628 245 2
629 561 5
630 571 2
631 880 1
633 789 3
634 824 4
635 652 1
636 917 1
637 415 3
638 725 4
640 778 1
641 334 1
642 285 3
647 737 2
648 664 1
653 415 2
654 944 1
656 72 4
657 277 3
658 877 2
659 346 4
660 427 2
662 183 4
665 561 5
666 849 2
669 124 4
671 317 1
672 919 5
678 742 3
679 208 3
683 847 2
686 153 1
690 137 3
692 659 2
693 504 1
694 532 4
696 789 3
698 156 1
699 577 2
700 938 1
701 115 5
702 143 5
704 173 5
707 104 3
709 313 3
710 202 1
711 440 4
712 301 2
715 556 4
717 78 5
718 170 3
720 22 3
721 836 4
723 682 2
724 338 5
725 880 3
727 313 4
728 878 5
729 52 4
730 990 4
732 95 5
734 228 3
736 810 4
738 27 1
739 531 5
741 228 2
744 637 4
746 502 1
749 435 2
750 406 5
753 479 3
754 523 5
756 350 1
757 789 4
761 933 1
762 585 4
763 308 2
769 866 2
771 255 2
774 586 1
777 826 1
778 145 1
779 548 3
780 938 3
781 965 1
784 797 1
785 569 1
788 137 2
790 827 2
795 297 3
797 397 1
798 720 1
800 739 3
802 742 4
803 517 1
805 335 1
809 722 5
813 47 4
817 696 1
818 738 4
819 725 1
821 288 4
824 581 1
825 237 2
828 501 3
829 424 5
831 635 1
832 647 4
834 742 5
838 316 1
840 738 3
843 742 5
845 828 1
847 583 4
848 696 5
849 570 1
852 762 4
853 84 3
857 112 2
858 776 4
860 963 3
863 551 1
866 97 5
867 27 1
868 632 3
873 227 5
874 442 1
875 560 2
876 17 1
880 531 5
884 557 1
885 76 5
889 735 3
892 162 1
895 138 5
904 955 5
905 973 1
907 529 3
908 74 4
910 77 5
917 522 4
918 455 4
922 65 2
923 284 1
925 879 1
926 250 4
928 998 1
930 445 2
933 466 3
934 714 5
935 511 5
940 624 4
942 814 2
943 766 3
948 932 2
953 909 4
954 991 4
956 633 2
959 516 5
963 146 3
965 78 2
966 148 1
967 905 3
968 112 4
970 810 3
972 796 2
976 137 3
977 78 1
978 583 5
979 524 1
981 478 2
984 568 5
986 749 1
987 764 4
989 776 2
990 64 2
997 998 3
3 1 1
0 4 3
4 1 4
0 5 4
0 6 4
0 8 1
0 9 2
0 10 5
10 1 3
0 12 1
12 1 3
0 14 5
14 1 1
0 15 2
15 1 2
0 16 5
17 1 3
19 1 5
0 20 1
21 1 5
0 23 2
23 1 1
0 24 4
24 1 5
0 25 3
0 26 4
27 1 2
0 28 4
0 29 3
0 30 3
30 1 2
0 31 2
0 32 2
0 33 2
33 1 2
0 35 2
35 1 2
0 36 3
36 1 2
0 37 2
37 1 1
0 38 3
38 1 1
0 39 1
0 40 3
40 1 1
0 41 3
41 1 1
0 42 1
0 43 1
43 1 4
0 45 1
0 46 2
47 1 3
0 48 5
48 1 1
0 49 4
0 50 5
50 1 1
0 51 1
51 1 4
52 1 4
0 53 2
0 54 1
0 57 5
0 58 1
58 1 3
0 60 5
60 1 5
0 61 5
61 1 3
62 1 5
0 63 3
64 1 5
0 66 5
0 67 4
68 1 1
0 69 3
0 70 2
70 1 2
0 71 1
71 1 2
0 73 4
74 1 3
0 75 4
76 1 1
77 1 1
78 1 5
79 1 3
0 80 2
81 1 4
0 83 3
83 1 3
84 1 2
0 85 3
85 1 2
0 86 1
0 87 5
0 88 2
88 1 2
0 89 4
89 1 3
0 90 1
0 91 1
0 92 3
92 1 5
0 93 3
0 94 2
94 1 4
96 1 1
98 1 5
0 99 1
99 1 3
0 100 5
100 1 1
0 101 2
0 102 1
103 1 5
104 1 2
105 1 4
0 106 5
0 107 3
0 108 3
0 109 3
0 110 2
110 1 1
111 1 3
112 1 2
0 113 2
0 114 3
114 1 4
0 116 1
116 1 2
0 117 5
0 119 4
0 120 4
0 121 2
0 122 3
0 127 5
127 1 4
0 128 4
0 129 4
129 1 2
0 130 2
130 1 2
0 131 3
0 133 5
0 134 3
0 135 2
0 136 2
137 1 2
0 139 2
0 141 3
141 1 3
0 142 2
0 144 1
144 1 1
0 147 3
0 149 4
149 1 2
150 1 2
0 151 2
0 152 5
153 1 1
0 154 3
0 155 5
156 1 4
0 157 4
157 1 2
0 159 2
0 160 1
0 161 3
162 1 5
0 163 3
164 1 1
0 165 2
166 1 1
0 167 1
167 1 2
0 168 4
0 169 2
169 1 5
170 1 1
0 171 1
171 1 2
0 172 3
172 1 3
173 1 5
0 174 3
174 1 3
175 1 3
176 1 4
0 177 5
0 178 4
0 179 3
179 1 3
0 180 5
180 1 2
0 181 5
182 1 3
0 184 4
0 185 1
186 1 2
0 187 5
187 1 2
188 1 4
0 189 2
0 190 1
0 191 3
0 193 1
193 1 5
0 194 5
195 1 2
0 196 5
196 1 1
197 1 2
198 1 1
0 199 4
199 1 4
0 200 1
201 1 2
0 203 5
203 1 1
0 204 4
0 205 5
0 206 2
206 1 4
0 207 2
207 1 1
0 209 4
209 1 2
0 210 5
210 1 2
0 211 4
0 212 1
0 213 1
213 1 4
0 214 2
214 1 5
0 215 4
215 1 1
0 216 3
217 1 2
0 218 2
0 219 3
219 1 4
0 221 3
0 222 5
222 1 4
0 223 1
0 224 2
224 1 1
0 225 3
225 1 5
0 226 1
229 1 4
230 1 1
0 232 3
0 233 1
234 1 5
0 235 1
235 1 5
0 236 5
0 238 5
238 1 5
0 239 1
239 1 4
0 240 3
240 1 5
241 1 5
0 242 4
0 243 5
0 244 5
245 1 1
0 246 5
0 247 5
247 1 4
248 1 4
0 249 2
249 1 1
251 1 5
0 252 5
252 1 4
0 253 1
253 1 2
0 254 2
255 1 3
0 256 2
0 257 4
257 1 2
258 1 1
0 259 1
259 1 1
0 260 5
260 1 4
0 261 2
261 1 4
0 262 3
262 1 3
263 1 2
0 264 1
0 265 5
265 1 5
0 266 4
266 1 2
0 267 3
0 268 1
268 1 2
0 269 1
269 1 2
0 270 1
270 1 2
0 272 2
272 1 5
0 273 1
274 1 1
0 275 1
0 276 5
277 1 3
0 278 3
279 1 3
0 280 2
0 281 5
0 282 3
0 283 5
283 1 4
0 286 4
286 1 5
0 287 3
287 1 3
288 1 2
0 289 1
0 291 2
291 1 5
292 1 1
0 293 5
0 295 5
295 1 1
0 296 4
296 1 5
0 298 1
0 299 1
0 300 2
301 1 3
0 302 1
302 1 4
0 303 5
0 304 2
305 1 5
306 1 3
0 307 1
308 1 5
0 309 5
310 1 1
0 311 4
312 1 4
313 1 1
0 314 2
314 1 5
0 315 3
0 319 4
319 1 2
0 320 4
320 1 3
0 321 5
0 322 1
322 1 1
0 323 2
0 324 5
0 325 1
326 1 2
0 327 1
0 328 1
328 1 4
0 329 2
329 1 3
0 330 1
0 331 2
0 333 3
0 336 1
0 337 5
338 1 3
0 339 5
0 340 1
340 1 3
0 341 3
341 1 1
0 342 1
342 1 1
0 343 3
343 1 5
0 344 3
0 345 1
346 1 2
0 347 1
347 1 5
0 348 2
348 1 4
349 1 3
0 351 1
351 1 3
0 352 3
352 1 3
0 353 5
0 354 1
354 1 5
355 1 5
0 356 1
356 1 4
0 357 2
0 359 3
0 360 4
360 1 5
0 361 4
361 1 4
0 362 2
0 363 2
0 364 4
364 1 1
0 365 3
365 1 5
0 366 5
366 1 1
0 367 3
367 1 1
0 368 5
368 1 5
0 369 4
0 370 4
370 1 3
0 371 1
0 372 2
0 373 4
0 374 3
374 1 3
0 375 2
375 1 1
0 376 1
376 1 1
0 377 3
377 1 4
0 378 1
378 1 3
0 379 5
379 1 5
0 380 1
380 1 3
0 382 3
382 1 3
0 383 4
383 1 4
0 384 4
384 1 4
0 385 1
0 386 1
0 387 4
0 388 3
389 1 5
0 390 4
390 1 2
0 391 5
391 1 1
0 392 2
393 1 2
0 394 2
394 1 2
0 395 5
0 396 3
396 1 1
397 1 2
0 398 2
0 399 2
0 400 4
401 1 3
0 402 5
402 1 4
0 403 3
403 1 2
0 404 4
0 405 5
0 407 2
0 408 3
0 409 2
0 410 1
410 1 5
411 1 3
0 412 3
412 1 4
413 1 2
0 414 5
0 416 5
416 1 1
418 1 2
0 419 5
419 1 4
0 420 4
0 421 4
421 1 2
0 422 4
423 1 3
424 1 1
425 1 1
0 426 3
427 1 2
0 428 2
428 1 2
0 429 1
429 1 2
430 1 1
0 431 2
0 432 2
0 433 1
0 436 2
0 437 5
0 438 5
438 1 3
0 439 5
439 1 2
440 1 3
0 441 4
0 443 4
443 1 2
0 444 2
0 446 1
0 447 2
0 448 2
448 1 5
0 449 5
0 450 5
450 1 2
0 451 1
0 452 1
0 454 4
454 1 1
0 456 5
0 457 2
0 458 1
458 1 5
0 459 4
0 460 3
460 1 3
0 461 2
461 1 4
0 463 5
463 1 4
0 464 5
464 1 4
0 467 3
467 1 5
0 468 1
468 1 4
0 469 2
0 470 5
0 471 5
471 1 5
0 472 5
472 1 4
0 473 2
0 475 1
0 476 1
479 1 2
0 480 1
481 1 3
0 482 5
482 1 2
0 483 1
0 485 2
485 1 2
486 1 1
487 1 4
0 488 3
488 1 5
0 489 4
0 490 5
490 1 2
0 491 3
491 1 4
0 493 3
493 1 2
0 494 3
494 1 3
0 496 3
0 497 5
497 1 4
0 498 3
498 1 4
0 499 2
501 1 5
0 503 1
504 1 5
0 505 3
505 1 4
0 506 5
506 1 3
508 1 1
0 509 2
509 1 4
0 510 4
510 1 3
511 1 4
512 1 3
0 513 3
513 1 3
0 514 2
0 515 4
515 1 5
516 1 4
517 1 5
518 1 3
0 519 3
0 520 2
0 521 2
522 1 5
524 1 4
0 525 3
525 1 5
0 526 2
528 1 5
0 530 2
531 1 4
533 1 4
0 534 3
534 1 1
535 1 1
0 536 1
536 1 4
0 537 1
0 539 1
539 1 5
0 540 1
540 1 4
0 541 5
0 542 5
0 543 4
0 544 5
544 1 1
0 545 1
545 1 4
0 546 5
546 1 4
0 547 5
547 1 2
548 1 2
0 549 4
0 550 4
550 1 2
551 1 4
0 552 2
552 1 5
0 553 1
0 554 5
554 1 5
0 555 3
0 558 5
558 1 5
559 1 1
0 562 2
563 1 2
0 564 1
0 565 5
565 1 4
0 566 3
566 1 5
0 567 3
569 1 4
571 1 3
0 572 2
0 573 1
0 574 4
575 1 3
0 576 4
576 1 4
577 1 5
0 578 4
0 579 4
579 1 3
0 580 2
580 1 3
0 582 3
582 1 5
583 1 1
0 584 5
584 1 1
585 1 4
586 1 1
0 587 5
0 588 2
0 589 1
589 1 5
0 591 5
0 593 5
0 595 4
595 1 3
0 596 1
0 597 5
0 598 2
598 1 2
0 599 4
0 600 1
0 602 2
602 1 5
0 603 3
0 604 3
0 605 3
0 606 3
0 607 2
0 608 1
0 609 5
0 610 2
610 1 3
0 611 4
0 612 5
0 616 5
616 1 2
0 617 5
617 1 5
0 618 2
0 621 2
621 1 3
0 622 5
0 623 1
623 1 1
624 1 2
0 625 5
625 1 4
0 626 5
626 1 1
0 627 4
0 629 5
0 630 2
0 631 1
632 1 4
0 634 2
0 638 2
0 639 5
639 1 3
0 641 2
0 642 4
0 643 2
643 1 4
0 644 4
644 1 3
0 645 5
645 1 3
0 646 1
646 1 5
0 648 5
0 649 2
649 1 2
650 1 5
0 651 5
651 1 1
652 1 1
0 653 1
0 654 1
0 655 4
655 1 2
0 656 3
0 657 5
0 658 3
0 661 1
661 1 2
0 662 5
0 663 1
663 1 3
664 1 1
0 665 3
0 666 4
0 667 2
667 1 3
0 668 3
668 1 4
0 669 5
0 670 4
670 1 1
0 671 3
0 672 2
673 1 5
674 1 4
675 1 4
676 1 1
0 677 5
677 1 3
0 678 5
0 679 2
0 680 5
680 1 3
0 681 2
681 1 1
682 1 1
0 683 1
0 684 4
684 1 5
0 685 4
685 1 4
687 1 3
0 688 3
688 1 5
0 689 1
689 1 5
691 1 3
0 692 1
0 693 5
0 694 4
0 695 3
695 1 2
0 697 1
697 1 2
0 698 1
0 699 4
0 700 3
0 701 3
0 702 5
0 703 2
703 1 2
0 704 1
0 705 4
705 1 1
0 706 4
706 1 3
708 1 4
0 709 1
0 711 4
0 712 1
0 713 2
713 1 4
714 1 5
0 715 2
716 1 1
0 717 3
0 718 5
0 719 3
719 1 5
0 721 4
722 1 1
0 723 5
0 724 1
726 1 4
0 729 3
0 730 5
0 731 4
731 1 1
0 732 2
733 1 3
0 734 4
735 1 4
0 736 5
737 1 4
740 1 2
0 741 3
742 1 4
0 743 3
743 1 1
0 745 3
745 1 2
0 746 2
747 1 3
0 748 4
748 1 3
0 750 4
0 751 3
751 1 5
0 752 2
752 1 3
0 753 4
0 754 5
0 755 4
755 1 1
0 756 1
0 758 3
758 1 1
759 1 5
0 760 4
760 1 4
0 761 4
0 763 3
764 1 5
0 765 1
765 1 3
766 1 3
0 767 4
767 1 1
0 768 5
768 1 3
0 769 5
0 770 3
770 1 3
0 771 2
0 772 3
772 1 4
0 773 2
773 1 2
0 774 2
0 775 4
775 1 3
776 1 5
0 777 5
0 780 4
0 781 4
782 1 5
783 1 1
0 785 5
0 786 3
786 1 5
0 787 2
787 1 5
789 1 4
0 790 2
791 1 4
0 792 4
792 1 2
0 793 3
793 1 2
0 794 1
794 1 5
796 1 2
0 798 1
799 1 4
0 800 4
0 801 1
801 1 3
0 802 2
0 803 4
0 804 2
804 1 1
0 805 5
806 1 4
807 1 5
0 808 2
808 1 5
810 1 4
0 811 2
811 1 2
0 812 4
812 1 2
0 813 5
814 1 3
815 1 5
0 816 2
816 1 1
0 817 4
0 818 1
0 819 4
0 820 4
820 1 3
0 821 5
0 822 5
822 1 2
0 823 5
823 1 1
0 825 4
826 1 1
827 1 1
0 829 4
0 830 2
830 1 5
0 831 1
0 832 2
0 833 4
833 1 3
835 1 1
836 1 5
0 837 1
837 1 4
0 838 1
0 839 1
839 1 1
0 840 4
0 841 4
841 1 5
0 842 4
842 1 1
0 843 3
0 844 3
844 1 3
0 845 3
0 846 4
846 1 1
0 848 5
0 850 2
850 1 5
0 851 3
851 1 1
0 852 1
0 853 2
0 854 3
854 1 1
0 855 4
855 1 2
0 856 3
856 1 5
0 857 2
0 859 1
859 1 4
861 1 5
0 862 5
862 1 1
0 863 5
0 864 3
864 1 2
0 865 5
865 1 2
0 867 4
0 868 5
0 869 2
869 1 3
0 870 4
870 1 3
0 871 2
871 1 5
0 872 1
872 1 1
0 873 3
0 874 3
0 875 3
0 876 4
877 1 5
878 1 5
879 1 3
0 881 3
881 1 1
0 882 2
882 1 2
883 1 1
0 884 1
0 885 3
0 886 1
886 1 4
0 887 4
887 1 4
0 888 2
888 1 5
0 889 3
0 890 3
890 1 2
0 891 4
891 1 5
0 892 1
0 893 5
893 1 4
0 894 5
894 1 3
0 896 3
896 1 3
0 897 2
897 1 5
898 1 5
0 899 3
899 1 2
0 900 2
900 1 5
901 1 1
0 902 2
902 1 5
0 903 2
903 1 4
0 906 5
906 1 3
0 907 5
0 908 5
909 1 3
0 910 5
0 911 5
911 1 4
0 912 3
912 1 2
0 913 3
913 1 5
0 914 2
914 1 4
0 915 5
915 1 4
916 1 1
0 918 5
919 1 4
920 1 3
0 921 4
921 1 5
0 922 4
0 923 2
924 1 3
0 926 3
927 1 3
0 928 3
0 929 4
929 1 2
0 930 3
931 1 3
932 1 2
0 934 4
0 936 5
936 1 2
0 937 2
937 1 5
938 1 1
939 1 5
0 940 4
0 941 5
941 1 5
0 942 1
0 943 2
944 1 1
0 945 2
945 1 3
0 946 3
946 1 1
0 947 1
947 1 3
0 948 2
0 949 4
949 1 5
0 950 1
950 1 4
0 951 4
951 1 2
0 952 5
952 1 3
0 953 3
0 954 5
955 1 2
0 956 5
0 957 5
957 1 3
0 958 4
958 1 5
0 959 3
0 960 3
960 1 1
0 961 4
961 1 4
0 962 5
962 1 5
0 964 5
964 1 4
0 967 5
0 968 3
0 969 2
969 1 5
0 971 1
971 1 3
0 972 2
973 1 1
0 974 2
974 1 3
0 975 4
975 1 4
0 976 4
0 977 4
0 978 3
0 979 1
980 1 3
0 981 2
0 982 5
982 1 4
983 1 1
0 985 3
985 1 3
0 987 4
0 988 4
988 1 5
991 1 4
992 1 5
0 993 4
993 1 3
0 994 5
994 1 1
0 995 1
995 1 5
996 1 5
998 1 5
999 1 4
1000 1656 5
3 641 1
6 945 3
7 512 4
9 506 3
10 601 2
12 326 1
14 124 1
18 684 2
19 480 2
20 340 2
21 32 4
22 697 1
27 506 3
28 220 2
35 64 5
36 876 3
40 697 4
41 64 3
42 317 2
43 945 2
44 426 3
45 300 3
46 953 2
47 267 4
48 679 3
49 687 3
51 244 2
52 540 2
54 210 4
56 761 3
59 137 1
60 607 3
62 162 2
65 185 5
67 831 2
69 173 1
70 148 3
71 232 4
72 141 2
73 780 4
74 490 5
75 364 5
80 925 5
81 841 5
84 617 5
86 383 4
87 693 3
89 644 4
90 194 4
92 687 3
96 963 5
97 646 2
98 87 3
99 954 1
100 775 4
103 164 4
104 132 1
105 149 2
107 997 1
108 869 3
109 203 1
113 586 5
114 861 1
118 261 3
119 309 3
120 872 2
121 417 3
124 405 3
125 499 5
126 417 2
129 981 2
132 794 1
133 381 2
134 169 4
136 375 4
137 57 4
138 330 2
139 737 4
140 844 2
142 87 2
144 694 1
145 124 3
146 42 3
147 914 2
149 185 3
151 568 2
152 830 3
154 454 2
155 619 4
158 586 2
160 627 2
161 163 2
164 794 4
165 113 2
168 434 1
169 188 3
171 326 2
176 474 4
177 619 4
180 188 3
184 261 5
185 884 3
190 346 1
193 186 1
196 121 1
197 252 3
198 938 3
200 146 3
201 188 3
202 877 4
205 647 5
209 332 1
212 138 3
215 575 2
216 548 5
217 564 4
219 269 5
220 50 4
221 469 2
227 740 1
228 900 5
229 187 2
230 670 2
231 158 2
232 474 5
233 381 4
236 748 3
238 155 3
243 564 5
248 750 5
249 259 4
250 627 2
252 42 3
253 516 3
254 858 1
255 512 2
256 260 4
257 651 3
258 211 5
259 274 2
261 935 5
263 501 4
264 569 3
268 821 5
270 788 5
271 469 3
275 627 3
278 405 1
279 167 5
281 935 3
283 255 3
286 26 4
287 564 2
288 652 4
289 300 3
291 86 5
292 680 2
293 185 4
299 241 2
301 270 3
303 81 5
304 397 5
305 408 3
308 245 5
313 23 4
314 883 5
315 31 4
317 576 4
318 951 5
319 936 3
320 131 4
321 841 1
322 759 2
324 509 2
325 478 5
328 904 4
329 540 1
331 501 2
332 953 4
333 37 2
335 169 3
336 521 1
337 326 3
338 646 3
340 694 3
342 102 2
345 759 1
346 20 1
347 496 5
350 391 5
351 135 1
354 493 5
361 508 2
362 658 2
363 345 4
364 172 4
368 346 2
369 492 4
370 563 3
372 442 3
374 336 1
375 509 2
376 49 1
377 172 5
380 970 2
382 801 3
383 935 3
387 493 5
389 408 5
390 9 5
393 460 2
395 367 2
397 478 3
398 977 4
400 300 5
402 185 1
406 876 1
407 997 2
408 619 5
412 478 1
413 727 5
414 858 3
418 242 4
422 180 4
423 864 2
424 590 4
427 241 1
429 17 2
430 735 2
433 44 1
434 821 4
436 590 1
437 183 1
438 243 3
439 27 2
441 116 1
442 133 5
444 359 5
445 509 1
446 242 5
448 351 3
450 83 2
452 432 3
453 350 1
454 279 3
458 317 1
459 617 4
461 156 5
462 758 4
463 824 4
464 882 4
467 82 4
468 734 2
469 4 2
471 600 1
475 697 1
476 194 3
477 147 1
480 133 3
482 883 3
483 431 1
485 296 4
487 913 2
489 340 3
491 953 3
492 37 3
495 457 5
496 932 2
498 536 1
502 521 4
505 140 5
506 846 3
508 576 5
513 769 5
515 281 2
516 417 3
520 156 2
522 796 3
523 295 2
524 781 5
525 606 3
528 614 3
529 478 4
535 435 4
536 257 5
538 409 4
541 457 1
545 133 4
546 170 5
547 601 2
550 48 2
551 167 5
553 636 3
554 359 4
558 637 5
560 862 4
562 241 3
566 819 4
567 482 5
569 551 4
570 298 1
572 431 3
573 576 4
574 318 5
575 495 4
577 477 3
580 189 3
583 778 3
590 646 1
591 651 4
593 600 4
594 696 2
595 960 3
596 764 3
597 61 5
598 846 5
599 902 3
600 4 1
602 75 3
603 64 4
604 907 5
609 999 1
610 658 2
611 383 1
612 506 4
613 245 2
617 298 5
622 755 2
623 70 5
624 258 2
626 243 4
630 125 4
633 679 4
634 752 2
636 135 5
639 242 3
643 68 1
646 2 2
647 436 3
648 116 3
650 211 5
651 973 2
653 567 3
654 393 4
656 376 5
660 225 5
661 987 5
663 259 5
666 924 1
669 668 1
670 243 3
671 600 3
673 123 1
677 501 2
679 317 3
681 694 4
684 983 5
687 795 5
689 30 2
690 755 5
691 229 2
693 247 2
694 211 3
695 648 5
698 697 3
703 855 2
705 225 3
709 7 5
712 969 5
714 705 1
715 225 5
716 679 2
721 31 2
723 981 2
730 245 5
731 119 2
733 374 5
734 883 1
735 642 4
738 847 2
741 102 2
742 32 2
743 177 5
744 20 4
745 352 1
746 639 4
749 736 2
752 110 2
754 351 3
756 905 3
757 59 4
760 503 3
761 300 3
766 524 1
768 67 3
769 63 5
771 478 3
773 881 3
775 575 1
776 509 4
777 660 5
779 187 5
782 854 5
784 323 5
785 405 1
788 496 1
789 367 4
790 778 3
794 317 4
797 317 4
798 267 2
799 528 2
802 148 3
807 287 5
811 508 2
812 359 1
813 458 5
814 223 1
815 890 1
818 465 4
819 160 1
820 302 3
824 512 3
825 807 2
826 492 5
827 66 2
828 133 4
829 114 5
832 648 3
834 32 5
837 694 3
838 743 2
839 329 3
840 900 1
842 238 1
843 159 2
845 198 5
846 478 5
847 185 1
850 159 4
851 44 4
852 55 3
854 778 3
855 180 1
856 340 5
859 827 4
862 589 2
863 512 5
865 306 3
867 634 2
868 190 3
869 954 5
871 361 4
873 155 4
875 106 5
876 968 1
879 745 5
882 694 4
883 564 5
886 410 1
887 72 5
888 237 3
889 811 4
891 991 3
892 320 3
897 506 5
900 43 3
903 2 1
904 27 4
907 881 1
909 141 3
910 86 4
917 310 3
918 83 1
919 432 4
924 69 1
926 376 2
928 240 5
929 655 3
930 138 2
931 143 1
932 72 1
934 469 3
936 457 3
937 751 5
942 524 3
943 899 1
947 925 1
949 482 1
950 196 2
954 189 1
955 61 1
960 744 3
961 946 5
962 968 2
963 627 4
966 508 2
969 305 4
971 915 3
972 552 1
973 478 1
974 192 1
976 392 3
977 513 4
980 405 5
981 359 5
984 495 2
986 506 2
988 149 4
989 640 4
990 138 2
991 724 1
992 784 5
993 617 4
994 774 1
995 263 3
996 107 1
997 566 3
999 701 5
2 1 1
0 3 4
4 1 3
0 5 4
5 1 4
0 6 1
0 8 2
8 1 2
0 10 4
0 11 5
11 1 4
0 12 4
0 13 4
13 1 2
0 14 3
0 15 1
15 1 1
0 16 3
16 1 4
17 1 2
0 18 5
0 19 5
0 21 1
0 22 4
23 1 1
0 24 5
24 1 5
0 25 3
25 1 2
26 1 2
0 28 1
0 29 1
29 1 1
30 1 1
31 1 3
32 1 1
0 33 2
33 1 4
0 34 3
34 1 4
0 35 3
0 36 5
37 1 5
0 38 4
38 1 3
0 39 3
39 1 1
0 40 4
0 41 1
0 45 3
0 46 2
0 47 2
50 1 5
0 51 2
0 52 1
0 53 2
53 1 3
0 54 5
55 1 4
0 56 4
57 1 2
0 58 4
58 1 5
0 60 2
61 1 5
0 62 4
63 1 3
64 1 3
0 65 4
66 1 2
68 1 4
0 71 3
0 73 1
0 74 5
0 76 5
76 1 5
0 77 1
77 1 2
0 78 2
78 1 3
0 79 5
79 1 1
0 80 2
82 1 4
83 1 1
0 84 4
0 85 1
85 1 4
0 88 1
88 1 2
0 89 4
0 90 3
0 91 5
91 1 4
0 92 3
0 93 4
93 1 1
0 94 3
94 1 5
0 95 4
95 1 5
0 96 3
0 97 5
0 98 5
0 99 5
0 100 4
0 101 2
101 1 5
102 1 3
0 103 1
0 104 2
0 105 1
106 1 4
0 108 2
0 109 5
110 1 1
0 111 3
111 1 1
0 112 2
112 1 1
0 115 3
115 1 5
116 1 2
0 117 3
117 1 4
0 118 2
0 120 4
0 122 2
122 1 3
123 1 2
0 126 5
0 127 3
127 1 3
0 128 3
128 1 3
0 129 2
0 130 2
130 1 3
131 1 5
0 134 2
135 1 3
0 136 2
0 139 1
141 1 1
0 142 1
143 1 3
0 144 4
0 145 3
148 1 5
0 150 2
150 1 1
0 151 5
0 152 1
0 153 5
153 1 1
0 154 1
156 1 2
0 157 3
157 1 1
159 1 3
0 161 1
162 1 5
163 1 2
0 165 2
0 166 2
166 1 4
167 1 4
0 168 1
170 1 4
0 171 3
172 1 5
173 1 1
0 174 1
174 1 1
0 175 3
175 1 1
0 176 4
0 178 2
178 1 2
0 179 1
179 1 3
0 181 1
181 1 2
0 182 2
182 1 1
183 1 5
0 184 3
186 1 3
187 1 2
188 1 3
189 1 1
0 191 4
191 1 2
192 1 3
0 193 1
194 1 4
0 195 5
195 1 5
0 197 4
0 199 3
199 1 5
0 200 4
0 201 5
0 202 3
203 1 2
0 204 1
204 1 4
0 205 1
0 206 3
206 1 5
0 207 3
207 1 5
0 208 1
208 1 1
0 209 5
210 1 1
211 1 4
0 212 1
0 213 2
213 1 2
0 214 1
214 1 1
0 215 4
0 216 2
0 217 3
0 218 2
218 1 5
0 219 4
0 221 1
0 222 5
222 1 2
223 1 4
0 224 3
224 1 5
225 1 2
0 226 5
226 1 1
0 227 5
0 228 1
0 230 1
0 231 2
0 233 3
0 234 1
234 1 2
0 235 5
235 1 1
0 236 4
237 1 1
0 239 3
239 1 5
240 1 5
241 1 5
242 1 4
244 1 3
245 1 2
0 246 4
246 1 5
247 1 3
0 248 1
0 249 1
0 250 1
0 251 5
251 1 5
0 253 4
0 254 4
0 256 4
260 1 3
0 262 2
262 1 4
0 264 1
0 265 1
265 1 4
0 266 1
266 1 1
267 1 5
0 268 4
269 1 1
0 271 3
0 272 2
272 1 2
0 273 4
273 1 4
274 1 2
0 275 1
0 276 5
276 1 2
0 277 1
277 1 1
0 278 4
0 280 3
280 1 1
0 282 4
282 1 5
0 283 5
0 284 5
284 1 2
0 285 3
285 1 3
0 286 3
0 288 2
0 289 4
0 290 2
290 1 3
0 291 2
0 292 5
0 293 2
0 294 5
294 1 3
295 1 3
296 1 3
0 297 3
297 1 3
298 1 1
0 299 4
300 1 3
0 301 3
302 1 4
0 303 5
0 304 4
306 1 3
0 307 3
307 1 2
0 308 3
309 1 1
310 1 1
0 311 2
311 1 5
0 312 1
312 1 2
0 313 4
0 314 2
0 315 4
0 316 5
316 1 5
0 319 4
0 321 2
0 322 2
323 1 5
0 324 2
0 325 3
326 1 2
0 327 3
327 1 3
0 328 2
330 1 1
0 331 3
0 333 3
0 334 2
334 1 3
0 335 3
0 337 3
0 338 3
0 339 4
339 1 1
0 341 5
341 1 2
0 342 5
0 343 2
343 1 2
0 344 3
344 1 3
0 347 5
0 348 2
348 1 5
0 349 1
349 1 5
352 1 3
0 353 1
353 1 5
0 354 1
0 355 1
355 1 5
0 356 4
356 1 2
0 357 1
357 1 5
0 358 5
358 1 2
359 1 1
0 360 3
360 1 5
0 362 4
0 363 3
0 365 4
365 1 1
0 366 4
366 1 1
367 1 5
0 368 1
0 369 3
0 370 2
0 371 1
371 1 4
0 372 4
0 373 1
373 1 3
0 377 2
0 378 4
378 1 1
0 379 1
379 1 1
0 380 2
381 1 2
0 382 3
0 384 2
384 1 4
0 385 5
385 1 3
0 386 1
386 1 5
0 387 3
0 388 3
388 1 1
0 389 4
0 390 4
391 1 5
392 1 3
0 394 3
394 1 4
0 395 2
0 396 5
396 1 4
0 398 1
0 399 3
399 1 5
0 400 1
0 401 1
401 1 5
0 402 1
0 403 3
403 1 4
0 404 1
404 1 2
405 1 1
0 406 3
0 407 4
409 1 2
410 1 1
0 411 3
411 1 3
0 412 4
0 413 4
0 414 5
0 415 2
415 1 1
0 416 4
416 1 5
417 1 5
0 418 1
0 419 2
419 1 1
0 420 5
420 1 1
0 421 4
421 1 2
0 422 3
0 423 2
0 424 4
0 425 3
425 1 2
426 1 3
0 427 1
0 428 2
428 1 3
0 429 2
0 430 2
431 1 2
432 1 1
0 433 2
435 1 5
0 437 3
0 438 3
0 439 1
0 440 2
440 1 4
0 441 2
0 443 5
443 1 4
0 444 3
0 445 1
0 446 1
0 447 1
447 1 5
0 448 5
0 449 3
449 1 4
0 450 5
0 451 3
451 1 4
0 452 1
0 453 3
0 455 4
455 1 3
0 456 1
456 1 5
457 1 4
0 459 2
460 1 2
0 461 5
0 462 4
0 463 3
0 464 5
465 1 4
0 466 1
466 1 4
0 467 4
0 468 5
0 470 5
470 1 1
0 471 1
0 472 3
472 1 3
0 473 2
473 1 3
474 1 1
0 475 3
0 476 2
478 1 2
0 479 1
479 1 3
0 481 2
481 1 5
0 483 2
0 484 2
484 1 3
0 485 5
0 486 5
486 1 5
0 487 3
0 488 5
488 1 5
0 489 3
490 1 4
0 491 5
493 1 4
0 494 2
494 1 3
0 497 4
497 1 2
0 498 4
499 1 5
0 500 1
500 1 3
501 1 4
0 502 3
503 1 5
0 504 3
504 1 5
0 505 5
0 507 3
507 1 3
509 1 5
0 510 2
510 1 3
0 511 2
511 1 4
512 1 3
0 514 3
514 1 4
0 515 5
0 517 4
517 1 5
0 518 3
518 1 2
0 519 1
519 1 1
0 520 4
521 1 2
0 522 5
0 523 5
0 525 5
0 526 3
526 1 1
0 527 2
527 1 4
0 529 2
0 530 2
530 1 3
0 531 4
531 1 3
0 532 2
532 1 1
0 533 5
533 1 5
0 534 3
534 1 1
0 535 1
0 537 2
537 1 3
0 538 1
0 539 4
539 1 1
540 1 1
0 541 2
0 542 5
542 1 5
0 543 4
543 1 2
0 544 4
544 1 3
0 545 2
0 546 1
0 547 5
548 1 5
0 549 3
549 1 5
0 550 4
552 1 1
0 553 5
0 554 1
0 555 2
555 1 1
0 556 4
556 1 1
0 557 3
557 1 4
0 558 1
0 559 3
559 1 4
0 560 1
0 561 5
561 1 2
0 562 4
563 1 5
564 1 2
0 565 5
565 1 3
568 1 5
0 570 2
0 571 4
571 1 3
0 572 1
0 573 5
0 574 2
576 1 2
0 577 2
0 578 1
578 1 5
0 579 3
579 1 3
0 580 2
0 581 1
581 1 3
0 582 3
582 1 4
0 583 4
0 584 3
584 1 5
0 585 4
585 1 2
586 1 5
0 587 2
587 1 3
0 588 3
588 1 3
589 1 5
0 591 2
0 592 1
592 1 4
0 593 4
0 594 2
0 595 5
0 596 4
0 597 1
0 598 4
0 599 1
601 1 1
0 602 2
0 603 4
0 604 2
0 605 3
605 1 1
606 1 5
607 1 2
0 608 5
608 1 4
0 609 5
0 610 2
0 611 1
0 612 4
0 613 3
614 1 3
0 615 1
615 1 5
0 616 4
616 1 1
0 618 4
618 1 2
619 1 4
0 620 3
620 1 5
0 621 1
621 1 2
0 622 5
0 623 1
0 624 2
0 625 2
625 1 2
0 626 5
627 1 4
0 628 3
628 1 1
0 629 2
629 1 3
0 630 5
0 631 4
631 1 2
0 632 1
632 1 4
0 633 5
0 635 5
635 1 1
637 1 5
0 638 5
638 1 1
640 1 4
641 1 5
642 1 4
0 643 2
644 1 3
0 645 3
645 1 4
0 649 3
649 1 2
0 650 3
652 1 2
0 653 5
0 654 1
655 1 1
0 656 3
0 657 2
657 1 3
658 1 3
0 659 3
659 1 1
0 661 2
0 662 2
662 1 4
0 663 1
0 664 1
664 1 5
0 665 3
665 1 4
0 666 5
0 667 3
667 1 5
668 1 2
0 669 2
0 671 4
0 672 2
672 1 3
0 673 3
0 674 1
674 1 2
0 675 2
675 1 5
0 676 4
676 1 5
0 677 5
0 678 3
678 1 5
680 1 1
0 681 1
0 682 1
682 1 3
0 683 3
683 1 3
0 685 3
685 1 4
0 686 5
686 1 3
0 688 1
688 1 4
0 689 2
0 690 4
0 691 5
0 692 5
692 1 3
0 695 4
696 1 3
697 1 1
0 698 3
0 699 3
699 1 4
0 700 5
700 1 4
701 1 3
0 702 1
702 1 1
0 703 2
0 704 4
704 1 2
0 706 4
706 1 3
0 707 1
707 1 4
0 708 3
708 1 3
0 709 3
0 710 5
710 1 2
0 711 5
711 1 4
0 712 5
0 713 5
713 1 3
0 714 5
0 715 4
0 716 4
0 717 2
717 1 5
0 718 1
718 1 2
0 719 2
719 1 3
0 720 3
720 1 4
0 721 2
0 722 1
722 1 4
0 723 1
724 1 3
0 725 2
725 1 2
0 726 2
726 1 1
727 1 2
0 728 1
728 1 2
0 729 1
729 1 3
0 730 3
0 731 1
0 732 4
732 1 2
0 733 2
736 1 4
737 1 4
0 738 4
0 739 3
739 1 5
740 1 4
0 741 3
0 742 5
0 746 3
0 747 3
747 1 1
748 1 2
0 749 1
750 1 4
751 1 5
0 753 1
753 1 2
0 754 4
755 1 5
0 756 5
0 757 3
758 1 2
759 1 4
0 760 5
0 762 1
762 1 4
0 763 3
763 1 4
764 1 5
0 765 2
765 1 1
0 766 3
0 767 1
767 1 1
0 768 4
0 770 1
770 1 3
0 771 4
0 772 5
772 1 2
0 773 1
774 1 3
0 776 5
0 777 4
778 1 1
0 779 5
780 1 1
781 1 4
0 782 1
0 783 3
783 1 1
0 785 2
0 786 5
786 1 2
0 787 4
787 1 3
0 789 5
0 790 5
0 791 3
791 1 2
0 792 2
792 1 4
0 793 5
793 1 1
795 1 3
796 1 4
0 797 2
0 798 5
0 799 5
0 800 4
800 1 3
801 1 4
0 802 5
0 803 4
803 1 5
0 804 1
804 1 2
0 805 5
805 1 5
0 806 1
806 1 3
0 808 4
808 1 3
0 809 3
809 1 1
0 810 4
810 1 4
0 812 4
0 813 2
0 814 1
0 815 1
0 816 4
816 1 1
0 817 3
817 1 5
0 818 2
0 820 3
821 1 5
0 822 2
822 1 2
0 823 4
823 1 1
0 825 4
0 826 3
0 828 5
0 829 3
830 1 3
831 1 2
0 832 3
0 833 3
833 1 1
0 834 1
0 835 1
835 1 3
0 836 4
836 1 3
0 837 2
0 838 3
0 839 5
0 840 4
841 1 1
0 842 3
0 843 3
844 1 4
0 845 4
0 848 5
848 1 3
0 849 2
849 1 4
0 850 3
0 851 4
0 852 3
0 853 4
853 1 3
0 856 3
0 857 3
857 1 1
858 1 1
0 859 3
0 860 4
860 1 1
861 1 2
0 863 1
864 1 5
0 865 1
0 866 1
866 1 3
0 867 4
0 868 5
0 870 2
870 1 5
0 871 5
872 1 5
0 873 3
0 874 2
874 1 1
0 875 3
877 1 5
0 878 5
878 1 1
0 879 5
0 880 2
880 1 3
881 1 5
884 1 5
0 885 3
885 1 2
0 886 4
0 887 1
0 888 1
0 889 2
890 1 2
0 891 1
0 892 1
0 893 4
893 1 4
0 894 2
894 1 4
0 895 4
895 1 3
0 896 2
896 1 5
0 897 2
0 898 2
898 1 4
899 1 5
0 901 3
901 1 2
902 1 1
0 903 2
905 1 1
0 906 2
906 1 2
0 908 2
908 1 4
0 909 5
0 910 5
0 911 2
911 1 5
0 912 3
912 1 4
913 1 5
914 1 4
915 1 4
0 916 5
916 1 4
0 917 4
0 918 5
0 919 5
0 920 4
920 1 4
0 921 4
921 1 1
0 922 2
922 1 5
0 923 1
923 1 5
925 1 2
0 926 2
0 927 5
927 1 1
0 928 1
0 929 3
0 930 4
0 931 1
0 933 1
933 1 5
0 934 4
935 1 2
0 937 4
938 1 4
0 939 1
939 1 4
0 940 1
940 1 4
0 941 2
941 1 2
0 942 4
0 943 2
0 944 5
944 1 1
945 1 4
946 1 3
0 947 3
0 948 3
948 1 2
0 949 1
0 950 5
951 1 3
0 952 4
952 1 1
953 1 4
0 955 5
0 956 1
956 1 3
0 957 4
957 1 3
0 958 5
958 1 3
0 959 5
959 1 4
0 961 1
0 962 3
0 964 1
964 1 5
0 965 4
965 1 5
0 966 5
0 967 3
967 1 3
968 1 4
970 1 2
0 971 5
0 972 3
0 974 5
0 975 2
975 1 4
0 976 1
0 978 2
978 1 5
0 979 5
979 1 5
0 980 2
0 982 3
982 1 3
983 1 1
0 984 1
0 985 4
985 1 4
0 986 1
987 1 5
0 988 2
0 989 1
0 990 3
0 992 1
0 993 1
0 994 2
0 995 2
0 996 3
0 998 5
998 1 2
0 0 0
