464
1 0.2 0.1
1 0.5 0.1
1 0.8 0.1
1 0.5 -0.1
2 0.1 0.05
2 0.166 0.05
2 0.25 0.05
2 0.33 0.1
1 0.5 0.0962250448649376
1 0.333333333333333 0.192450089729875
1 0.666666666666667 0.192450089729875
3 0.0555555555555556 0.0106916716516597
3 0.037037037037037 0.0213833433033195
3 0.0740740740740741 0.0213833433033195
3 0.12962962962963 0.0534583582582987
3 0.111111111111111 0.042766686606639
3 0.12962962962963 0.0748417015616182
3 0.203703703703704 0.0534583582582987
3 0.203703703703704 0.0748417015616182
3 0.222222222222222 0.042766686606639
3 0.277777777777778 0.0106916716516597
3 0.259259259259259 0.0213833433033195
3 0.296296296296296 0.0213833433033195
3 0.351851851851852 0.0534583582582987
3 0.333333333333333 0.0427666866066389
3 0.351851851851852 0.0748417015616182
3 0.351851851851852 0.138991731471577
3 0.351851851851852 0.117608388168257
3 0.333333333333333 0.149683403123236
3 0.388888888888889 0.203141761381535
3 0.37037037037037 0.213833433033195
3 0.407407407407407 0.213833433033195
3 0.462962962962963 0.245908447988174
3 0.444444444444444 0.235216776336514
3 0.462962962962963 0.267291791291493
3 0.537037037037037 0.245908447988174
3 0.537037037037037 0.267291791291493
3 0.555555555555556 0.235216776336514
3 0.611111111111111 0.203141761381535
3 0.592592592592593 0.213833433033195
3 0.62962962962963 0.213833433033195
3 0.648148148148148 0.138991731471577
3 0.666666666666667 0.149683403123236
3 0.648148148148148 0.117608388168257
3 0.648148148148148 0.0534583582582987
3 0.648148148148148 0.0748417015616182
3 0.666666666666667 0.042766686606639
3 0.722222222222222 0.0106916716516597
3 0.703703703703704 0.0213833433033195
3 0.740740740740741 0.0213833433033195
3 0.796296296296296 0.0534583582582987
3 0.777777777777778 0.042766686606639
3 0.796296296296296 0.0748417015616182
3 0.87037037037037 0.0534583582582987
3 0.87037037037037 0.0748417015616182
3 0.888888888888889 0.042766686606639
3 0.944444444444444 0.0106916716516597
3 0.925925925925926 0.0213833433033195
3 0.962962962962963 0.0213833433033195
6 0.659122085048011 0.194430028924627
6 0.65843621399177 0.194034041085677
6 0.659122085048011 0.195222004602528
6 0.875857338820302 0.0265311852096742
6 0.876543209876543 0.0269271730486245
6 0.875857338820302 0.0257392095317734
6 0.930727023319616 0.0233632824980713
6 0.930041152263374 0.0229672946591209
6 0.930727023319616 0.024155258175972
10 0.0416179782892174 0.0126960545401739
10 0.0416095107453132 0.0126911658014214
10 0.0416179782892174 0.0127058320176789
10 0.0385865975715084 0.0222682050175172
10 0.0385781300276042 0.0222730937562697
10 0.0385950651154126 0.0222730937562697
10 0.0425832782942979 0.0245756897086847
10 0.0425748107503937 0.0245708009699322
10 0.0425832782942979 0.0245854671861897
10 0.0732188521397483 0.0216717788897154
10 0.0732103845958441 0.0216668901509629
10 0.0732188521397483 0.0216815563672204
10 0.0737777100374265 0.00468830046362217
10 0.0737692424935223 0.0046834117248697
10 0.0737777100374265 0.00469807794112712
10 0.0725414486274111 0.00270347253011789
10 0.0725499161713153 0.00270836126887037
10 0.0725414486274111 0.00269369505261295
10 0.112999373401751 0.00331945361292956
10 0.112999373401751 0.00330967613542462
10 0.112990905857847 0.00332434235168204
10 0.118435536588257 0.0239988185358928
10 0.118435536588257 0.0239890410583879
10 0.118427069044353 0.0240037072746453
10 0.12531118223848 0.0294742059386633
10 0.125319649782384 0.0294693171999108
10 0.125302714694576 0.0294693171999108
10 0.127699029619469 0.0335318591032163
10 0.127690562075564 0.0335367478419688
10 0.127707497163373 0.0335367478419688
10 0.117080729563583 0.0532334762756849
10 0.117089197107487 0.0532285875369324
10 0.117072262019679 0.0532285875369324
10 0.118791173432234 0.0654455456793639
10 0.118791173432234 0.065435768201859
10 0.11878270588833 0.0654504344181164
10 0.150036410438788 0.0723582222753616
10 0.150027942894884 0.0723533335366091
10 0.150036410438788 0.0723679997528665
10 0.154100831512811 0.0889017142137322
10 0.154092363968907 0.0888968254749797
10 0.154100831512811 0.0889114916912371
10 0.161044217514268 0.088197735833376
10 0.161044217514268 0.0882075133108809
10 0.161052685058172 0.0881928470946235
10 0.172814103541127 0.0923922736829983
10 0.172822571085031 0.0923873849442459
10 0.172805635997223 0.0923873849442459
10 0.18378804044099 0.0781367114807853
10 0.183796507984894 0.0781318227420329
10 0.183779572897085 0.0781318227420329
10 0.211256752866264 0.0221508752874578
10 0.211256752866264 0.0221410978099529
10 0.211248285322359 0.0221557640262103
10 0.226498331893851 0.00155950766203908
10 0.226498331893851 0.00154973018453413
10 0.226489864349947 0.00156439640079155
10 0.238894816169622 0.00754332389506675
10 0.238894816169622 0.0075335464175618
10 0.238886348625718 0.00754821263381922
10 0.260470118037562 0.00468830046362217
10 0.260470118037562 0.00469807794112711
10 0.260478585581466 0.00468341172486969
10 0.271511795288659 0.0214077869970818
10 0.271503327744754 0.0214028982583294
10 0.271511795288659 0.0214175644745868
10 0.272070653186337 0.0276555951227431
10 0.272062185642432 0.0276507063839906
10 0.272070653186337 0.0276653726002481
10 0.291698419956308 0.0127644968827085
10 0.291689952412403 0.012769385621461
10 0.291706887500212 0.012769385621461
10 0.304501346339481 0.00157906261704895
10 0.304509813883385 0.00157417387829648
10 0.304492878795577 0.00157417387829648
10 0.313121306033972 0.00952815182857102
10 0.313112838490068 0.00952326308981856
10 0.313121306033972 0.00953792930607598
10 0.313239851648631 0.00977258876619471
10 0.313231384104727 0.00977747750494718
10 0.313248319192535 0.00977747750494718
10 0.320708225372148 0.00722066713740351
10 0.320699757828244 0.00722555587615599
10 0.320716692916053 0.00722555587615598
10 0.33471354298972 0.00789531308524485
10 0.33471354298972 0.00788553560773989
10 0.334705075445816 0.00790020182399731
10 0.337727988619621 0.00861884642061093
10 0.337736456163525 0.00861395768185845
10 0.337719521075717 0.00861395768185846
10 0.334984504394655 0.0222682050175172
10 0.334976036850751 0.0222730937562697
10 0.334992971938559 0.0222730937562697
10 0.356559806262595 0.0715662465974609
10 0.356551338718691 0.0715613578587084
10 0.356559806262595 0.0715760240749658
10 0.364790258937493 0.0668143925300566
10 0.364781791393588 0.0668095037913041
10 0.364790258937493 0.0668241700075615
10 0.3704296431777 0.0792220114838345
10 0.370421175633796 0.079217122745082
10 0.3704296431777 0.0792317889613395
10 0.382927737980321 0.10601229984739
10 0.382927737980321 0.106002522369885
10 0.382919270436417 0.106017188586142
10 0.370463513353317 0.112172110675506
10 0.370471980897221 0.112176999414259
10 0.370463513353317 0.112162333198002
10 0.374019881793087 0.114108051221486
10 0.374028349336991 0.114112939960238
10 0.374019881793087 0.114098273743981
10 0.368990160713983 0.127571637745798
10 0.368998628257887 0.127576526484551
10 0.368990160713983 0.127561860268293
10 0.362774983488289 0.127151206213086
10 0.362783451032194 0.127146317474333
10 0.362766515944385 0.127146317474333
10 0.34722857288015 0.12443306746671
10 0.347220105336246 0.124437956205463
10 0.347237040424055 0.124437956205463
10 0.334764348253146 0.136068265697597
10 0.334755880709242 0.136063376958845
10 0.334764348253146 0.136078043175102
10 0.333358735965046 0.187175140615956
10 0.333350268421142 0.187180029354709
10 0.33336720350895 0.187180029354709
10 0.345772155328625 0.19295362982138
10 0.34578062287253 0.192958518560133
10 0.345772155328625 0.192943852343875
10 0.363384646649393 0.19483090550233
10 0.363376179105489 0.194835794241082
10 0.363393114193297 0.194835794241082
10 0.367753899303968 0.192718970361261
10 0.367745431760064 0.192723859100014
10 0.367762366847872 0.192723859100014
10 0.37420616775898 0.206612765895791
10 0.374214635302884 0.206607877157039
10 0.374197700215076 0.206607877157039
10 0.38272451692662 0.214072981232066
10 0.38272451692662 0.214063203754561
10 0.382716049382716 0.214077869970818
10 0.38941387661095 0.224192670449686
10 0.389422344154854 0.224197559188439
10 0.38941387661095 0.224182892972181
10 0.402165997730698 0.204217283907079
10 0.402174465274602 0.204222172645832
10 0.402165997730698 0.204207506429574
10 0.409295669698047 0.193354506399083
10 0.409287202154143 0.19334961766033
10 0.409295669698047 0.193364283876588
10 0.450227776931023 0.203474195616703
10 0.450227776931023 0.203483973094208
10 0.450236244474928 0.203469306877951
10 0.444503717251774 0.212273925371156
10 0.44449524970787 0.212269036632403
10 0.444503717251774 0.212283702848661
10 0.45684939626412 0.230352481277803
10 0.45684939626412 0.230342703800298
10 0.456840928720215 0.230357370016556
10 0.455020406780809 0.234400356964851
10 0.455020406780809 0.234390579487346
10 0.455011939236905 0.234405245703604
10 0.453614794492709 0.235211887597762
10 0.453623262036614 0.235206998859009
10 0.453606326948805 0.235206998859009
10 0.447213331301123 0.256605008378586
10 0.447204863757219 0.256609897117339
10 0.447221798845027 0.256609897117339
10 0.48511405781639 0.27068457598571
10 0.485105590272486 0.270689464724463
10 0.485122525360294 0.270689464724463
10 0.482235092888957 0.278271898529549
10 0.482235092888957 0.278281676007054
10 0.482243560432861 0.278267009790797
10 0.498831478941218 0.287658276934298
10 0.498839946485123 0.287653388195546
10 0.498823011397314 0.287653388195546
10 0.515935917627733 0.278487003034658
10 0.515935917627733 0.278477225557153
10 0.515927450083829 0.27849189177341
10 0.518239089569679 0.277098601228955
10 0.518247557113584 0.277093712490203
10 0.518230622025775 0.277093712490203
10 0.51769716675981 0.264016336327336
10 0.51769716675981 0.264026113804841
10 0.517705634303714 0.264011447588584
10 0.541812731799014 0.259772911090189
10 0.54180426425511 0.259777799828942
10 0.541821199342919 0.259777799828942
10 0.550957679215567 0.248059493039262
10 0.550966146759471 0.24805460430051
10 0.550949211671663 0.24805460430051
10 0.550957679215567 0.205644795622801
10 0.550966146759471 0.205639906884049
10 0.550949211671663 0.205639906884049
10 0.568028247726465 0.19297318477639
10 0.568036715270369 0.192968296037637
10 0.56801978018256 0.192968296037637
10 0.594751816288167 0.200638727140269
10 0.594743348744263 0.200643615879021
10 0.594760283832072 0.200643615879021
10 0.593261528561026 0.212665024471354
10 0.593261528561026 0.212655246993849
10 0.593253061017121 0.212669913210106
10 0.593905061897746 0.213857876726957
10 0.593905061897746 0.213867654204462
10 0.59391352944165 0.213852987988205
10 0.603541126860743 0.214532522674798
10 0.603549594404647 0.214527633936046
10 0.603532659316839 0.214527633936046
10 0.616581144473234 0.216585792950837
10 0.61657267692933 0.216580904212085
10 0.616581144473234 0.216595570428342
10 0.628249419973243 0.213896986636977
10 0.628257887517147 0.213901875375729
10 0.628249419973243 0.213887209159472
10 0.638105641077749 0.192562530721182
10 0.638105641077749 0.192572308198687
10 0.638114108621653 0.19255764198243
10 0.657970499077038 0.192513643333657
10 0.657978966620942 0.19251853207241
10 0.657970499077038 0.192503865856153
10 0.658952734169927 0.194938457754884
10 0.658944266626023 0.194933569016132
10 0.658952734169927 0.194948235232389
10 0.659867228911582 0.194977567664904
10 0.659867228911582 0.194967790187399
10 0.659858761367678 0.194982456403657
10 0.661154295585023 0.1678939549762
10 0.661162763128927 0.167889066237448
10 0.661145828041118 0.167889066237448
10 0.652788362207658 0.167835290111171
10 0.652788362207658 0.167845067588676
10 0.652796829751562 0.167830401372418
10 0.650078748158309 0.162086133338262
10 0.650087215702213 0.162081244599509
10 0.650070280614405 0.162081244599509
10 0.662068790326678 0.150646484657474
10 0.662077257870582 0.150641595918721
10 0.662060322782774 0.150641595918721
10 0.642068451624922 0.128011624233521
10 0.642076919168826 0.128016512972273
10 0.642068451624922 0.128001846756016
10 0.615852935697471 0.102805287225767
10 0.615852935697471 0.102815064703272
10 0.615861403241376 0.102800398487015
10 0.629451811207641 0.078762470041102
10 0.629443343663737 0.0787673587798545
10 0.629460278751545 0.0787673587798545
10 0.625048688377449 0.0775500628304885
10 0.625048688377449 0.0775598403079935
10 0.625057155921353 0.0775451740917361
10 0.636429067384714 0.0670294970351654
10 0.636437534928618 0.0670343857739179
10 0.636429067384714 0.0670197195576605
10 0.662492167521889 0.0647904546865325
10 0.662492167521889 0.0648002321640374
10 0.662500635065793 0.06478556594778
10 0.66528645701028 0.0643504681988099
10 0.66528645701028 0.0643602456763148
10 0.665294924554184 0.0643455794600574
10 0.666268692103169 0.0451670573341035
10 0.666260224559264 0.045162168595351
10 0.666268692103169 0.0451768348116085
10 0.659647072770072 0.0403663158791744
10 0.659655540313976 0.0403712046179269
10 0.659647072770072 0.0403565384016695
10 0.651111788514623 0.0285746780082081
10 0.651120256058527 0.0285795667469606
10 0.651111788514623 0.0285649005307032
10 0.665134041220004 0.0216717788897154
10 0.665134041220004 0.0216815563672204
10 0.665142508763908 0.0216668901509629
10 0.664405832444241 0.0133707004880152
10 0.664414299988146 0.0133658117492628
10 0.664397364900337 0.0133658117492628
10 0.66657352368372 0.00662424100960173
10 0.666565056139816 0.00661935227084926
10 0.66657352368372 0.00663401848710668
10 0.679037748310725 0.00185283198718747
10 0.679029280766821 0.00185772072593994
10 0.679046215854629 0.00185772072593994
10 0.705354874765026 0.00801264281530421
10 0.705346407221122 0.00801753155405669
10 0.70536334230893 0.00801753155405668
10 0.708403190570543 0.00844285182552189
10 0.708411658114447 0.00843796308676942
10 0.708394723026639 0.00843796308676942
10 0.72440684854951 0.0285160131431784
10 0.724398381005605 0.0285209018819309
10 0.724415316093414 0.0285209018819309
10 0.728369659096682 0.0279880293579113
10 0.728361191552778 0.0279929180966638
10 0.728378126640587 0.0279929180966638
10 0.72947043980423 0.0214468969071016
10 0.72947043980423 0.0214371194295967
10 0.729461972260326 0.0214517856458541
10 0.738056529323104 0.00727933200243319
10 0.738056529323105 0.00726955452492824
10 0.7380480617792 0.00728422074118567
10 0.754466629409473 0.00732821938995788
10 0.754458161865569 0.0073233306512054
10 0.754466629409474 0.00733799686746282
10 0.781562769902962 0.0142506734634605
10 0.781571237446866 0.014245784724708
10 0.781554302359058 0.014245784724708
10 0.780817626039391 0.0141920085984308
10 0.780817626039391 0.0142017860759358
10 0.780826093583295 0.0141871198596783
10 0.794331826110518 0.0305986158517322
10 0.794340293654423 0.0306035045904846
10 0.794331826110518 0.0305888383742272
10 0.791740757675829 0.0347344888363248
10 0.791749225219733 0.0347393775750773
10 0.791740757675829 0.0347247113588199
10 0.778074141814425 0.0427031330028568
10 0.778074141814425 0.0427129104803617
10 0.778082609358329 0.0426982442641043
10 0.779903131297736 0.0510139888820619
10 0.77991159884164 0.0510188776208144
10 0.779903131297736 0.051004211404557
10 0.783019187454487 0.0666383979349675
10 0.783010719910583 0.0666335091962151
10 0.783019187454487 0.0666481754124725
10 0.796651933140273 0.0744506024614203
10 0.796643465596369 0.0744554912001728
10 0.796660400684177 0.0744554912001728
10 0.806762180561906 0.0666188429799576
10 0.806753713018002 0.06662373171871
10 0.80677064810581 0.06662373171871
10 0.819395756066995 0.0758292267896179
10 0.819395756066995 0.0758194493121129
10 0.819387288523091 0.0758341155283703
10 0.818955443783976 0.0777847222906073
10 0.81896391132788 0.0777798335518548
10 0.818946976240072 0.0777798335518548
10 0.815907127978459 0.0856262592495749
10 0.815898660434554 0.0856311479883274
10 0.815915595522363 0.0856311479883274
10 0.83865095090518 0.0901336763793556
10 0.838642483361276 0.0901287876406031
10 0.83865095090518 0.0901434538568605
10 0.840412200037257 0.0857729214121491
10 0.840420667581161 0.0857778101509016
10 0.840412200037257 0.0857631439346442
10 0.851792579044522 0.0790460168887454
10 0.851792579044522 0.0790557943662504
10 0.851801046588426 0.079041128149993
10 0.847270910599671 0.072837318673104
10 0.847279378143576 0.0728422074118565
10 0.847270910599671 0.0728275411955991
10 0.849133770258599 0.0718009060575796
10 0.849142237802503 0.0717960173188272
10 0.849125302714694 0.0717960173188272
10 0.86562854578401 0.0687894429860559
10 0.86562854578401 0.0687796655085509
10 0.865620078240105 0.0687943317248083
10 0.88019272129926 0.0641744736037208
10 0.88019272129926 0.0641842510812257
10 0.880201188843164 0.0641695848649683
10 0.885256312553981 0.0644189105413445
10 0.885247845010076 0.0644237992800969
10 0.885264780097885 0.0644237992800969
10 0.888524784501008 0.0594226195363165
10 0.888524784501008 0.0594323970138214
10 0.888533252044912 0.059417730797564
10 0.876026689698386 0.0222877599725271
10 0.876026689698386 0.022297537450032
10 0.87603515724229 0.0222828712337746
10 0.921565140815255 0.00147151036449461
10 0.921565140815255 0.00146173288698967
10 0.921556673271351 0.00147639910324709
10 0.92711984961642 0.00246881306999912
10 0.927111382072516 0.00247370180875159
10 0.927128317160324 0.00247370180875158
10 0.929338346119325 0.02175977618726
10 0.92932987857542 0.0217548874485075
10 0.929338346119325 0.0217695536647649
10 0.939465528628766 0.0238521563733186
10 0.939457061084862 0.0238570451120711
10 0.93947399617267 0.0238570451120711
10 0.960515842774645 0.00794420047276959
10 0.960515842774645 0.00795397795027454
10 0.960524310318549 0.00793931173401711
10 0.961582753306576 0.00789531308524488
10 0.96159122085048 0.00790020182399736
10 0.961582753306576 0.00788553560773994
10 0.967594709478569 0.00252747793502882
10 0.967594709478569 0.00251770045752388
10 0.967586241934664 0.0025323666737813
10 0.97621466917306 0.00261547523257335
10 0.976223136716964 0.00262036397132583
10 0.97621466917306 0.00260569775506841
10 0.977315449880607 0.00827663470793781
10 0.977306982336703 0.00828152344669029
10 0.977323917424512 0.00828152344669029
