58
3
10653
8540
12305
46
2
8500
7945
50
2
10000
15000
11
2
20000
10000
99
1
20000
50
100
20000
19999
19998
19997
19996
19995
19994
19993
19992
19991
19990
19989
19988
19987
19986
19985
19984
19983
19982
19981
19980
19979
19978
19977
19976
19975
19974
19973
19972
19971
19970
19969
19968
19967
19966
19965
19964
19963
19962
19961
19960
19959
19958
19957
19956
19955
19954
19953
19952
19951
19950
19949
19948
19947
19946
19945
19944
19943
19942
19941
19940
19939
19938
19937
19936
19935
19934
19933
19932
19931
19930
19929
19928
19927
19926
19925
19924
19923
19922
19921
19920
19919
19918
19917
19916
19915
19914
19913
19912
19911
19910
19909
19908
19907
19906
19905
19904
19903
19902
19901
0
